[-25.745251699999997, 28.247393799999998, 281.01018000000005, 0.01]
[-25.745251699999997, 28.247394, 281.01018000000005, 0.01]
[-25.745243499999997, 28.2474001, 353.26516000000004, 0.01]
[-25.7452437, 28.247399599999998, 353.26516000000004, 0.02]
[-25.7452729, 28.2474034, 127.05273000000001, 0.99]
[-25.7452766, 28.2474161, 91.17074000000001, 1.18]
[-25.745276099999998, 28.2474214, 82.35829000000001, 1.04]
[-25.745276, 28.247461299999998, 90.37982000000001, 1.07]
[-25.745276099999998, 28.247462199999998, 92.15493000000001, 0.92]
[-25.7452765, 28.2474661, 93.15747, 0.89]
[-25.7452784, 28.247480099999997, 97.47415000000001, 1.0]
[-25.7452805, 28.2474913, 99.85741, 0.99]
[-25.7452859, 28.2475137, 104.05008000000001, 1.79]
[-25.7452889, 28.247526699999998, 105.42218000000001, 1.88]
[-25.745295199999997, 28.2475533, 104.08005000000001, 1.97]
[-25.745301899999998, 28.247598, 92.60864000000001, 2.0]
[-25.7453011, 28.247679599999998, 86.43358, 2.05]
[-25.7453011, 28.247705999999997, 88.35397, 2.01]
[-25.7453014, 28.2477265, 88.3516, 2.01]
[-25.745299199999998, 28.247766499999997, 83.32351000000001, 0.95]
[-25.7452884, 28.2478284, 74.66417000000001, 1.02]
[-25.7452875, 28.2478323, 75.13380000000001, 0.92]
[-25.7452865, 28.2478351, 69.30264000000001, 0.96]
[-25.7452857, 28.2478381, 72.31481000000001, 0.99]
[-25.7452807, 28.24786, 77.49728, 0.97]
[-25.745279699999998, 28.2478695, 86.64458, 0.03]
[-25.7452799, 28.2478692, 86.64458, 0.01]
