[-25.753027119999995, 28.22739488, 302.80353999999994, 0.020999999999999998]
[-25.75304428, 28.22741283, 302.80353999999994, 0.041]
[-25.75312593, 28.22753085, 302.80353999999994, 0.054000000000000006]
[-25.75319656, 28.22760202, 295.96709400000003, 0.79]
[-25.75319945, 28.227604529999997, 291.814093, 1.066]
[-25.75320266, 28.227604769999992, 286.03521, 1.34]
[-25.753203809999995, 28.22759776, 232.835854, 1.504]
[-25.75320494, 28.22758976, 221.77959900000002, 1.336]
[-25.753209319999996, 28.22756074, 286.61164, 0.271]
[-25.753209799999997, 28.227551249999998, 165.566813, 0.9109999999999999]
[-25.753210390000003, 28.22753593, 283.35267600000003, 0.18500000000000003]
[-25.75321022, 28.227535229999994, 282.82617500000003, 0.11100000000000002]
[-25.753206189999997, 28.227515219999997, 242.16277300000007, 1.044]
[-25.75320487, 28.22751176, 222.74123799999998, 0.8260000000000002]
[-25.753204239999995, 28.227510000000002, 257.01255000000003, 0.611]
[-25.75320236, 28.22750756, 310.80296300000003, 0.661]
[-25.753199299999995, 28.227504290000002, 311.560622, 0.841]
[-25.753194819999994, 28.227500019999997, 300.9868520000001, 1.02]
[-25.753192419999998, 28.227498000000004, 322.31372200000004, 1.053]
[-25.753190259999997, 28.227496719999998, 293.17959600000006, 1.0509999999999997]
[-25.753187559999997, 28.227494940000003, 261.9685840000001, 0.8630000000000001]
[-25.753184049999998, 28.227492049999995, 224.31526, 0.5589999999999999]
[-25.75318003, 28.227490439999997, 171.33924800000005, 0.875]
[-25.753172739999997, 28.22748815, 208.868046, 1.013]
[-25.753167659999995, 28.227488109999996, 145.35414200000002, 0.9190000000000002]
[-25.753166169999997, 28.227488479999998, 114.76280600000003, 0.861]
[-25.753164079999998, 28.227488939999994, 119.364806, 0.7929999999999999]
[-25.7531613, 28.227489780000003, 89.40218300000001, 0.806]
[-25.75315919, 28.227490569999997, 58.02955300000001, 0.8370000000000001]
[-25.753156339999997, 28.227491989999997, 27.545640000000002, 0.8670000000000002]
[-25.753148709999994, 28.22749717, 37.236647000000005, 0.914]
[-25.753146049999998, 28.227499409999997, 42.65199500000001, 0.9289999999999999]
[-25.753143599999998, 28.227501759999996, 43.56445000000001, 0.8939999999999999]
[-25.753140909999996, 28.227504879999998, 49.25180400000001, 0.8540000000000001]
[-25.753139929999996, 28.227506169999998, 50.300375, 0.8640000000000001]
[-25.75313673, 28.22751076, 48.233939, 0.7819999999999999]
[-25.753123189999997, 28.22753525, 97.946399, 0.563]
[-25.753119930000004, 28.227527069999997, 303.92738, 0.092]
[-25.75311964, 28.227526509999997, 303.92738, 0.05]
[-25.753119509999998, 28.22752638999999, 303.92738, 0.042]
[-25.753119390000002, 28.227526309999995, 216.36176900000004, 0.14100000000000001]
[-25.75311962, 28.22752675, 236.77163000000004, 0.136]
[-25.753119499999997, 28.22752646, 245.62315400000003, 0.09400000000000001]
[-25.75311953, 28.227525800000002, 192.74171399999997, 0.458]
[-25.75311969, 28.22752476, 215.31432600000002, 0.24599999999999994]
[-25.753119780000002, 28.227524699999996, 282.47095, 0.04800000000000001]
[-25.7531198, 28.227524600000002, 279.92528400000003, 0.06200000000000001]
[-25.75312224, 28.22751675, 243.210113, 0.15600000000000006]
[-25.75312249, 28.227516220000002, 249.529806, 0.10799999999999998]
[-25.753122949999995, 28.227515439999998, 251.30590999999998, 0.046]
[-25.753123050000006, 28.22751537, 251.30590999999998, 0.03300000000000001]
[-25.753123140000003, 28.227515349999994, 251.30590999999998, 0.024999999999999998]
[-25.75312322, 28.22751543, 251.30590999999998, 0.017999999999999995]
[-25.7531233, 28.22751551, 251.30590999999998, 0.02]
[-25.753123389999995, 28.22751561, 251.30590999999998, 0.022000000000000002]
[-25.753123489999997, 28.22751576, 251.30590999999998, 0.027000000000000003]
[-25.753123570000003, 28.22751586, 251.30590999999998, 0.029000000000000005]
[-25.753123700000003, 28.22751607, 251.30590999999998, 0.029000000000000005]
[-25.753123799999997, 28.22751623, 251.30590999999998, 0.024]
[-25.753123929999997, 28.22751643, 251.30590999999998, 0.024999999999999998]
[-25.7531241, 28.227516729999998, 251.30590999999998, 0.032]
[-25.753124279999998, 28.227517, 251.30590999999998, 0.039]
[-25.75312452, 28.22751722, 251.30590999999998, 0.043]
[-25.75312488999999, 28.22751763, 251.30590999999998, 0.038]
[-25.75312519, 28.227517989999996, 251.30590999999998, 0.047]
[-25.7531258, 28.22751875, 251.30590999999998, 0.04000000000000001]
[-25.753126100000003, 28.227519819999998, 251.30590999999998, 0.04100000000000001]
[-25.753134940000002, 28.227561689999998, 226.18566700000002, 0.30900000000000005]
[-25.75313533, 28.227561650000002, 224.95762100000002, 0.35100000000000003]
[-25.753136040000005, 28.22756155, 221.641462, 0.398]
[-25.753136819999998, 28.227561459999997, 220.27833500000003, 0.41400000000000003]
[-25.75313736, 28.227561459999997, 218.27131100000003, 0.41200000000000003]
[-25.75313834, 28.22756161, 215.30508100000003, 0.343]
[-25.753139039999997, 28.22756197, 214.69995699999998, 0.24100000000000002]
[-25.753139679999993, 28.22756319, 213.25165999999996, 0.072]
[-25.753139800000003, 28.22756374, 213.25165999999996, 0.07100000000000001]
[-25.75313997, 28.2275642, 214.09704099999993, 0.101]
[-25.753140459999997, 28.22756462, 214.61712700000007, 0.19]
[-25.753142729999997, 28.227565079999994, 216.30695600000004, 0.231]
[-25.75314376, 28.22756639, 217.86786, 0.04800000000000001]
[-25.753145589999995, 28.22757145, 219.95888300000001, 0.31199999999999994]
[-25.753146999999995, 28.227570929999995, 218.48147699999998, 0.267]
[-25.753147860000002, 28.227570879999995, 216.64899300000002, 0.175]
[-25.75314838, 28.227570849999996, 216.27327100000002, 0.22000000000000003]
[-25.75315139, 28.22757001, 222.436245, 0.176]
[-25.75315181, 28.22757002, 220.789431, 0.15899999999999997]
[-25.753152339999996, 28.227569940000002, 219.10067900000004, 0.21600000000000003]
[-25.753153979999997, 28.227569250000005, 218.94057400000003, 0.215]
[-25.753154849999998, 28.22756916, 218.08857900000004, 0.14899999999999997]
[-25.753155220000004, 28.22756905, 218.40610800000005, 0.194]
[-25.75315754, 28.227567669999996, 217.659145, 0.276]
[-25.753159700000005, 28.227566679999995, 213.40004100000002, 0.379]
[-25.75316092, 28.227565900000002, 214.33428900000004, 0.426]
[-25.75316424, 28.227563049999997, 219.014661, 0.37699999999999995]
[-25.753164979999998, 28.227562389999996, 218.65018700000002, 0.384]
[-25.753165689999996, 28.22756177, 218.46454900000003, 0.35900000000000004]
[-25.753166359999994, 28.22756124, 217.55229, 0.33199999999999996]
[-25.75316732, 28.227560649999997, 214.40491000000003, 0.366]
[-25.75317167, 28.227558439999996, 208.18395400000003, 0.5359999999999999]
[-25.75317279, 28.227557909999994, 206.583745, 0.45599999999999996]
[-25.753173420000003, 28.22755763, 206.33286200000003, 0.3950000000000001]
[-25.75317415, 28.22755729, 207.50613500000003, 0.2960000000000001]
[-25.753174969999996, 28.22755688, 218.68844099999995, 0.09]
[-25.75317493, 28.227557110000003, 220.78685000000002, 0.017]
[-25.753174530000003, 28.227557529999995, 220.78685000000002, 0.013000000000000001]
[-25.753174469999998, 28.22755768, 220.78685000000002, 0.012]
[-25.75317443, 28.227557819999998, 220.78685000000002, 0.016]
[-25.7531744, 28.227557979999993, 220.78685000000002, 0.015000000000000003]
[-25.7531744, 28.227558070000004, 220.78685000000002, 0.013999999999999999]
[-25.7531744, 28.227558150000004, 220.78685000000002, 0.012]
[-25.753173910000005, 28.227560910000005, 220.78685000000002, 0.012]
[-25.753173739999994, 28.2275619, 220.78685000000002, 0.009999999999999998]
[-25.753172539999998, 28.227563370000002, 92.72441400000001, 0.327]
[-25.753171009999996, 28.22756449, 30.060780000000005, 0.548]
[-25.753168900000002, 28.227566019999994, 31.28782, 0.7090000000000002]
[-25.753160509999997, 28.22757108, 24.695360000000004, 0.9389999999999998]
[-25.753156459999996, 28.22757317, 23.391009000000004, 0.9730000000000001]
[-25.753135069999995, 28.227583099999997, 20.285989, 0.776]
[-25.753130149999997, 28.227585469999998, 22.512192000000002, 0.8339999999999999]
[-25.753118509999997, 28.2275919, 25.508951000000003, 0.9019999999999999]
[-25.753107450000005, 28.22759911, 30.558364000000005, 1.0010000000000001]
[-25.753084469999997, 28.22761696, 33.78434500000001, 1.0350000000000001]
[-25.753052859999997, 28.22764333, 33.242686000000006, 0.998]
[-25.75303489, 28.227657349999998, 32.06863800000001, 1.002]
[-25.75301933, 28.22766838, 32.12955000000001, 0.9]
[-25.75300189, 28.227693040000002, 85.490445, 0.05399999999999999]
[-25.75300244, 28.22769323, 90.98438999999999, 0.030000000000000006]
[-25.75298607, 28.22770079, 75.811933, 0.087]
[-25.75298148, 28.227698549999996, 349.03433, 0.02]
[-25.75298626, 28.22772577, 57.44715000000001, 0.07]
[-25.75299037, 28.227715260000004, 241.88021300000005, 0.18]
[-25.752998829999996, 28.227704589999995, 226.995024, 0.11200000000000002]
[-25.75300950999999, 28.22769746, 215.15207500000002, 0.10500000000000001]
[-25.752992709999994, 28.227704799999998, 24.02804, 0.02]
[-25.752991939999994, 28.22770324, 24.02804, 0.030000000000000006]
[-25.75297081, 28.227711579999998, 228.32351000000003, 0.046]
