36,0,0,0
0,-1.3160571034363941,-1.4007141035914514,1.7480544090883934
0,-1.3160571034363941,-1.4007141035914514,1.7480544090883934
0,-1.3537494932789915,-1.3881282361511136,1.6855466636586927
0,-1.3537494932789915,-1.3881282361511136,1.6855466636586927
0,-1.3361572177571588,-1.3609188072769067,1.7250989661015381
0,-1.342782223383102,-1.350592462588178,1.708012890856214
0,-1.342782223383102,-1.350592462588178,1.708012890856214
0,-1.3478428858842626,-1.3483693855913517,1.7102188124978097
0,-1.3478428858842626,-1.3483693855913517,1.7102188124978097
0,-1.3504392782497383,-1.3551752654177243,1.6802228858413346
0,-1.3504392782497383,-1.3551752654177243,1.6802228858413346
1,1.3422733520914445,1.350592462588178,1.6522243139808417
1,1.3422733520914445,1.350592462588178,1.6522243139808417
1,1.3423539137285039,1.3423859355639867,1.6373342120003773
1,1.3423539137285039,1.3423859355639867,1.6373342120003773
1,1.3481535509268796,1.3563554106501732,1.6162202659073008
1,1.3481535509268796,1.3563554106501732,1.6162202659073008
1,1.3468390564981847,1.3824615727028362,1.5917804203916242
1,1.3468390564981847,1.3824615727028362,1.5917804203916242
1,1.3547993634124065,1.4011780757633907,1.6548522562355688
1,1.3515856793899153,1.449965516831348,1.626934318586518
1,1.3515856793899153,1.449965516831348,1.626934318586518
2,1.3260592850739354,1.4300349646075083,1.6636942687590976
2,1.3260592850739354,1.4300349646075083,1.6636942687590976
2,1.2994413574654784,1.3787313008704778,1.707079314239322
2,1.2994413574654784,1.3787313008704778,1.707079314239322
2,1.2894807680460878,1.3384319183283104,1.7297771466285834
2,1.2894807680460878,1.3384319183283104,1.7297771466285834
2,1.2535102946243242,1.280039061903971,1.78255450694549
2,1.2535102946243242,1.280039061903971,1.78255450694549
2,1.2295332153736533,1.24787819918452,1.8549039894942618
2,1.2295332153736533,1.24787819918452,1.8549039894942618
2,1.2031256741455025,1.2104957662049047,1.9061430166084607
2,1.2031256741455025,1.2104957662049047,1.9061430166084607
2,1.2020614561471434,1.20208152801713,1.91307773332541
2,1.2020614561471434,1.20208152801713,1.91307773332541
2,1.19484940852809,1.1985407794480751,1.9596708685037254
2,1.19484940852809,1.1985407794480751,1.9596708685037254
3,0.6439177837053646,1.1820744477400738,2.052668817834066
3,0.6439177837053646,1.1820744477400738,2.052668817834066
3,0.6354790935829867,1.060235822824338,2.060535714904505
3,0.6354790935829867,1.060235822824338,2.060535714904505
3,0.5616331160780699,0.9304837451562497,2.131048936547253
3,0.5616331160780699,0.9304837451562497,2.131048936547253
3,0.4801937678370722,0.803616824114579,2.2108972262272184
3,0.4801937678370722,0.803616824114579,2.2108972262272184
3,0.4696765393088838,0.6888396039717823,2.230945823344877
3,0.4696765393088838,0.6888396039717823,2.230945823344877
3,0.40730950800208965,0.5807753438292641,2.312666676779307
3,0.40730950800208965,0.5807753438292641,2.312666676779307
3,0.3685694644028435,0.4738143096192863,2.377284350741743
3,0.3725029236722556,0.3981205847478895,2.372665860475116
3,0.3725029236722556,0.3981205847478895,2.372665860475116
3,0.3367375680184408,0.3394112549695444,2.4817953644828643
3,0.3367375680184408,0.3394112549695444,2.4817953644828643
3,0.33419159887068306,0.3453983207834114,2.500277877662709
3,0.33419159887068306,0.3453983207834114,2.500277877662709
3,0.32900268725750365,0.4001249804748533,2.5111544204952874
3,0.32900268725750365,0.4001249804748533,2.5111544204952874
3,-0.3249525977637201,-0.47801673610868534,2.5937032581268626
3,-0.3249525977637201,-0.47801673610868534,2.5937032581268626
3,-0.3352908828538759,-0.5903388857258186,2.630897620750264
3,-0.3352908828538759,-0.5903388857258186,2.630897620750264
3,-0.35859390881168945,-0.7128113354878686,2.6937280775586583
3,-0.35859390881168945,-0.7128113354878686,2.6937280775586583
3,-0.373446920298002,-0.8297590011563613,2.7462626625766124
4,-0.8119563601340275,-0.8909545442950523,2.7804800170948867
4,-0.8119563601340275,-0.8909545442950523,2.7804800170948867
4,-0.8105747623076884,-0.9920181449953439,2.834785238638989
4,-0.8105747623076884,-0.9920181449953439,2.834785238638989
4,-0.7965111735952717,-1.0855873986004083,2.8598191942320446
4,-0.7965111735952717,-1.0855873986004083,2.8598191942320446
4,-0.7680496544971359,-1.2074767078498878,2.9158351875089523
4,-0.7680496544971359,-1.2074767078498878,2.9158351875089523
4,-0.715186939791208,-1.3393281898026348,2.985133310926462
4,-0.715186939791208,-1.3393281898026348,2.985133310926462
4,-0.7088192019351551,-1.4677874505527024,2.9852169121976324
4,-0.7088192019351551,-1.4677874505527024,2.9852169121976324
4,-0.6258221676060403,-1.615951731952413,3.0715368827439926
4,-0.6258221676060403,-1.615951731952413,3.0715368827439926
4,-0.5239449036483043,-1.7616185739256953,-3.1379904685466022
4,-0.4726503405602916,-1.9148106956041373,-3.1105580814954563
4,-0.4726503405602916,-1.9148106956041373,-3.1105580814954563
4,-0.43838229954071967,-2.0742468512691543,-3.086177577174347
4,-0.43838229954071967,-2.0742468512691543,-3.086177577174347
4,-0.32884257506526804,-2.2365151463828727,-3.0268306230200084
4,-0.32884257506526804,-2.2365151463828727,-3.0268306230200084
4,-0.2972397805141323,-2.3866503723838575,-3.0123347909175697
4,-0.2972397805141323,-2.3866503723838575,-3.0123347909175697
4,-0.061931246036613825,-2.5399606296161377,-2.899035171728031
4,-0.061931246036613825,-2.5399606296161377,-2.899035171728031
4,-0.08082899093662554,-2.6777789303824164,-2.9150288453945317
4,-0.08082899093662554,-2.6777789303824164,-2.9150288453945317
4,-0.14566577328958782,-2.8118677067031452,-2.819770520149933
4,-0.14566577328958782,-2.8118677067031452,-2.819770520149933
3,-1.52778545753132,-2.9346550052774507,-2.7687096911523628
3,-1.6254977227043643,-3.0335622624235024,-2.724982735671672
3,-1.6254977227043643,-3.0335622624235024,-2.724982735671672
3,-1.610518592037392,-3.155455593095868,-2.7330588977194257
3,-1.610518592037392,-3.155455593095868,-2.7330588977194257
3,-1.8116518436152351,-3.2647511390609854,-2.6484315474816498
3,-1.8116518436152351,-3.2647511390609854,-2.6484315474816498
3,-1.8597665720769758,-3.378535185550092,-2.6297676945925232
3,-1.8597665720769758,-3.378535185550092,-2.6297676945925232
3,-1.9088683222166771,-3.494638751001309,-2.6152688954303556
3,-1.9088683222166771,-3.494638751001309,-2.6152688954303556
3,-2.0739007645567322,-3.591127956506145,-2.5509856265526016
3,-2.0739007645567322,-3.591127956506145,-2.5509856265526016
