36,0,0,0,0
0,-3.045468461086907,0.04026821056245367,0.8999999999999986,1.5260389289238288
0,-3.045468461086907,0.04026821056245367,0.8999999999999986,1.5260389289238288
0,-3.045468461086907,0.04026821056245367,0.8999999999999986,1.5260389289238288
0,3.0952030332186338,0.09993716139896852,0.8202438661763953,1.6685527417978743
0,3.1056797211195803,0.08442889884601461,0.7402702209328719,1.6580760538969275
0,3.1056797211195803,0.08442889884601461,0.7402702209328719,1.6580760538969275
0,-3.0720020035732762,0.00184651084317318,0.6500769185257989,1.5525724714101978
0,-3.0720020035732762,0.00184651084317318,0.6500769185257989,1.5525724714101978
0,-3.1413828555973295,0.04860925962700145,0.5603570290448746,1.6219533234342511
0,-3.1413828555973295,0.04860925962700145,0.5603570290448746,1.6219533234342511
0,3.1120124737775168,0.05793805540057367,0.47042533945356185,1.651743301238991
0,3.1120124737775168,0.05793805540057367,0.47042533945356185,1.651743301238991
0,-3.121962751543314,0.03173060763878094,0.3705401462729791,1.6025332193802357
0,-3.121962751543314,0.03173060763878094,0.3705401462729791,1.6025332193802357
0,-3.109311208861458,0.025149089251152733,0.27073972741361724,1.5898816766983794
0,-3.109311208861458,0.025149089251152733,0.27073972741361724,1.5898816766983794
1,0.02885564685610653,-0.02461465959797322,-0.1627882059609971,1.6132481447240794
1,0.02885564685610653,-0.02461465959797322,-0.1627882059609971,1.6132481447240794
1,0.031216902801129542,-0.018837517076375994,-0.058309518948453286,1.6108868887790564
1,0.031216902801129542,-0.018837517076375994,-0.058309518948453286,1.6108868887790564
1,0.035011074062040404,-0.013063831776512191,-0.06708203932499227,1.6070927175181455
1,0.035011074062040404,-0.028696048350829825,-0.18681541692269396,1.6070927175181455
1,0.021107083108952374,-0.03201783639284603,-0.18681541692269396,1.6209967084712336
2,0.008637136508191423,-0.026785626878471698,-0.13341664064126263,1.6229537461614945
2,0.008637136508191423,-0.026785626878471698,-0.13341664064126263,1.6229537461614945
2,-0.06123048784424423,-0.1213467484067512,-0.05099019513592816,1.6928213705139301
2,-0.06123048784424423,-0.1213467484067512,-0.05099019513592816,1.6928213705139301
2,-0.022941454713992115,-0.06789017502067968,-0.11180339887499108,1.6545323373836784
2,-0.022941454713992115,-0.06789017502067968,-0.11180339887499108,1.6545323373836784
2,-0.021701049214600587,-0.06666792965706653,-0.22803508501983005,1.6532919318842867
2,-0.021701049214600587,-0.06666792965706653,-0.22803508501983005,1.6532919318842867
1,0.010610847520384104,-0.03805214352920776,-0.3649657518178962,1.6314929440598018
1,0.010610847520384104,-0.03805214352920776,-0.3649657518178962,1.6314929440598018
1,0.023543213678886454,-0.04652458055061129,-0.4949747468305853,1.6185605779012995
1,0.023543213678886454,-0.04652458055061129,-0.4949747468305853,1.6185605779012995
2,0.028122166810381044,-0.017639951306622357,-0.5399999999999991,1.6034687158593048
2,0.06408380338309816,-0.011315642535173481,-0.40012498047485323,1.5675070792865877
2,0.06408380338309816,-0.011315642535173481,-0.40012498047485323,1.5675070792865877
2,0.08967416994168986,-0.017503486080769882,-0.2601922366251553,1.541916712727996
2,0.08967416994168986,-0.017503486080769882,-0.2601922366251553,1.541916712727996
3,0.06872631604415447,0.11050137733197339,0.12165525060596531,1.5262588404095794
3,0.06872631604415447,0.11050137733197339,0.12165525060596531,1.5262588404095794
3,0.1163748518211507,0.18016938034159102,0.056568542494922595,1.4786103046325831
3,0.1163748518211507,0.18016938034159102,0.056568542494922595,1.4786103046325831
3,0.17337398906570645,0.26632851264037677,0.19697715603592186,1.4216111673880274
3,0.17337398906570645,0.26632851264037677,0.19697715603592186,1.4216111673880274
2,0.244543343123528,0.04602460076794023,0.3573513677041124,1.387047539546158
2,0.244543343123528,0.04602460076794023,0.3573513677041124,1.387047539546158
2,0.2757690287709589,0.04415248135493689,0.5028916384272069,1.355821853898727
2,0.2757690287709589,0.04415248135493689,0.5028916384272069,1.355821853898727
3,0.274569400826814,0.37149179412543726,0.6425729530566919,1.3204157556269198
3,0.274569400826814,0.37149179412543726,0.6425729530566919,1.3204157556269198
3,0.3316563281327456,0.39700658750230283,0.5131276644267003,1.2633288283209883
3,0.34105230816085674,0.41031847515223696,0.44045431091090453,1.253932848292877
3,0.34105230816085674,0.41031847515223696,0.44045431091090453,1.253932848292877
3,0.31509472432764607,0.39558430643375114,0.39560080889705024,1.2798904321260878
3,0.31509472432764607,0.39558430643375114,0.39560080889705024,1.2798904321260878
3,0.32583652774197014,0.40527854080985776,0.4428317965096919,1.2691486287117637
3,0.32583652774197014,0.40527854080985776,0.4428317965096919,1.2691486287117637
3,0.2985528427430937,0.4024412432776944,0.5280151512977649,1.2964323137106402
3,0.2985528427430937,0.4024412432776944,0.5280151512977649,1.2964323137106402
3,0.24274384551547312,0.40571457339672456,0.6280127387243049,1.3522413109382607
3,0.24274384551547312,0.40571457339672456,0.6280127387243049,1.3522413109382607
3,0.17867699746496668,0.43751826710172287,0.7710382610480518,1.4163081589887672
3,0.17867699746496668,0.43751826710172287,0.7710382610480518,1.4163081589887672
4,0.17154266667288076,0.6632274421092781,0.8343860018001259,1.4374030809929972
4,0.17154266667288076,0.6632274421092781,0.8343860018001259,1.4374030809929972
4,0.0872521649807394,0.6099037406343786,0.7242237223399972,1.5216935826851385
4,0.050874267381421756,0.5931333595146157,0.6407807737440316,1.5580714802844562
4,0.050874267381421756,0.5931333595146157,0.6407807737440316,1.5580714802844562
4,0.004289160717665608,0.5662878947816252,0.578705451849212,1.6046565869482123
4,0.004289160717665608,0.5662878947816252,0.578705451849212,1.6046565869482123
4,-0.09415526307644839,0.5346023946023908,0.5346026561849457,1.7031010107423263
4,-0.09415526307644839,0.5346023946023908,0.5346026561849457,1.7031010107423263
4,-0.1428937569713149,0.5296399168607511,0.5423098745182489,1.751839504637193
4,-0.1428937569713149,0.5296399168607511,0.5423098745182489,1.751839504637193
4,-0.17552460719952645,0.5377706263485851,0.5981638571495247,1.7844703548654046
4,-0.17552460719952645,0.5377706263485851,0.5981638571495247,1.7844703548654046
4,-0.22426222842976706,0.5334520536779347,0.6700746227100363,1.833207976095645
4,-0.22426222842976706,0.5334520536779347,0.6700746227100363,1.833207976095645
4,-0.3166255760440828,0.5668512754728116,0.7517978451684999,1.9255713237099608
4,-0.3166255760440828,0.5668512754728116,0.7517978451684999,1.9255713237099608
5,-0.315486101983792,0.13520983498098635,0.7156116265125944,1.9570858613485966
5,-0.315486101983792,0.13520983498098635,0.7156116265125944,1.9570858613485966
5,-0.3400847724613989,0.10563608444545762,0.5685947590331811,1.9816845318262042
5,-0.3400847724613989,0.10563608444545762,0.5685947590331811,1.9816845318262042
5,-0.44993806450995066,0.025380396071403067,0.41880783182743897,2.0915378238747553
5,-0.44993806450995066,0.025380396071403067,0.41880783182743897,2.0915378238747553
5,-0.4823657584132288,0.012044551421530504,0.26627053911388815,2.1239655177780343
5,-0.4823657584132288,0.012044551421530504,0.26627053911388815,2.1239655177780343
6,-0.4919298082166481,0.6027720077487914,0.12206555615733734,2.1484530107822906
6,-0.4919298082166481,0.6027720077487914,0.12206555615733734,2.1484530107822906
6,-0.6022714433899061,-0.7587136102405451,-0.040000000000000924,2.2587946459555486
6,-0.6528156549288866,-0.8172347748081,-0.18601075237738268,2.309338857494529
6,-0.6528156549288866,-0.8172347748081,-0.18601075237738268,2.309338857494529
5,-0.667739098129724,-0.04348834287108479,-0.32649655434628844,2.309338857494529
5,-0.6976111064093082,-0.033804175127824986,-0.32649655434628844,2.339210865774113
5,-0.7880607004988116,-0.028693897363855463,-0.4780167361086849,2.4296604598636167
5,-0.8628775550111278,-2.799676043945769e-05,-0.622012861603358,2.5044773143759325
5,-0.8628775550111278,-2.799676043945769e-05,-0.622012861603358,2.5044773143759325
