5.454916059301899,-0.611204692283452
5.454916059301899,-0.611204692283452
5.447079755168007,-0.603949890153288
5.447079755168007,-0.603949890153288
5.444059233697343,-0.59799548351089
5.437733189496681,-0.593717885465987
5.437733189496681,-0.593717885465987
5.43140714621503,-0.589440287669243
5.43140714621503,-0.589440287669243
5.420265319810643,-0.583862294260656
5.420265319810643,-0.583862294260656
5.415734537604649,-0.574930684297057
5.415734537604649,-0.574930684297057
5.409693494375116,-0.56302187044411
5.409693494375116,-0.56302187044411
5.405162712169121,-0.554090260480512
5.405162712169121,-0.554090260480512
5.392510625173507,-0.5455350640348
5.392510625173507,-0.5455350640348
5.376553015763295,-0.538656676026588
5.376553015763295,-0.538656676026588
5.360595406325889,-0.531778288746522
5.360595406325889,-0.531778288746522
5.343127536324451,-0.521922697701185
5.343127536324451,-0.521922697701185
5.325659666953816,-0.512067106335858
5.325659666953816,-0.512067106335858
5.300355492475886,-0.494956714048499
5.300355492475886,-0.494956714048499
5.271745796700865,-0.479523129274584
5.271745796700865,-0.479523129274584
5.24313609932164,-0.464089546028792
5.24313609932164,-0.464089546028792
5.227178490370934,-0.457211158144658
5.216036664426053,-0.451633164860151
5.216036664426053,-0.451633164860151
5.206405098414403,-0.449032375660902
5.206405098414403,-0.449032375660902
5.195263272469521,-0.443454382376394
5.195263272469521,-0.443454382376394
5.193753011590086,-0.44047717877112
5.193753011590086,-0.44047717877112
5.190732490119424,-0.434522772128721
5.190732490119424,-0.434522772128721
5.184406447009071,-0.430245173887907
5.184406447009071,-0.430245173887907
5.165143315157068,-0.42504359504534
5.165143315157068,-0.42504359504534
5.149185706206361,-0.418165207161208
5.149185706206361,-0.418165207161208
5.133228096796149,-0.411286819152996
5.133228096796149,-0.411286819152996
5.126902053514499,-0.407009221356252
5.126902053514499,-0.407009221356252
5.112454705155019,-0.403108036509244
5.112454705155019,-0.403108036509244
5.098007356768347,-0.399206852390382
5.098007356768347,-0.399206852390382
5.078744226006654,-0.394005273351904
5.078744226006654,-0.394005273351904
5.062786616740547,-0.387126885627766
5.045318746739107,-0.37727129458243
5.045318746739107,-0.37727129458243
5.031156398404551,-0.365738894407365
5.031156398404551,-0.365738894407365
5.013688529006723,-0.355883303770182
5.013688529006723,-0.355883303770182
4.999526180960375,-0.344350904163266
4.999526180960375,-0.344350904163266
4.98536383262582,-0.332818503988199
4.98536383262582,-0.332818503988199
4.976017267729403,-0.322586499264982
4.976017267729403,-0.322586499264982
4.969976224643974,-0.310677685696109
4.969976224643974,-0.310677685696109
4.967240703513636,-0.297092063565658
4.967240703513636,-0.297092063565658
4.97111622706839,-0.280152824276129
4.97111622706839,-0.280152824276129
4.979807532538659,-0.264513979782136
4.979807532538659,-0.264513979782136
4.982172795529381,-0.244597536727338
4.984538057114389,-0.224681094028447
4.984538057114389,-0.224681094028447
4.982087536783883,-0.203464256534021
4.982087536783883,-0.203464256534021
4.984452798368894,-0.183547813835129
4.984452798368894,-0.183547813835129
4.988613322263973,-0.158977359057548
4.988613322263973,-0.158977359057548
4.997874628703102,-0.128076084155597
4.997874628703102,-0.128076084155597
5.014972240393625,-0.104429610459754
5.014972240393625,-0.104429610459754
5.035375372804829,-0.079106328114166
5.035375372804829,-0.079106328114166
5.052472984810755,-0.055459854258327
5.052472984810755,-0.055459854258327
5.066550073480803,-0.025858973991916
5.066550073480803,-0.025858973991916
5.080627164016065,0.003741906506321
5.080627164016065,0.003741906506321
5.091398731046423,0.031665978371147
5.091398731046423,0.031665978371147
5.09943477772135,0.073175672402343
5.09943477772135,0.073175672402343
5.093023475721395,0.118586551120549
5.093023475721395,0.118586551120549
5.094448478170737,0.156742627868588
5.097098740555577,0.184290285931454
5.097098740555577,0.184290285931454
5.10607504714108,0.207560345949416
5.10607504714108,0.207560345949416
5.104194527319928,0.24403961397588
5.104194527319928,0.24403961397588
5.102314008129578,0.280518882322335
5.102314008129578,0.280518882322335
5.097127966353332,0.315321341787218
5.097127966353332,0.315321341787218
5.091941924892488,0.350123801412098
5.091941924892488,0.350123801412098
5.086755883287541,0.384926261321052
5.086755883287541,0.384926261321052
5.089691146472214,0.420105134747891
5.089691146472214,0.420105134747891
5.103768235917169,0.449706015050218
5.103768235917169,0.449706015050218
5.111234281938639,0.475953278833451
5.111234281938639,0.475953278833451
5.10784350123805,0.515409750465189
5.085189589775768,0.560067801135404
5.085189589775768,0.560067801135404
5.05800489610749,0.613657461769218
5.05800489610749,0.613657461769218
5.038656506915699,0.659992321161009
5.038656506915699,0.659992321161009
5.030449943524689,0.700749187552367
5.030449943524689,0.700749187552367
5.025548902404171,0.7431828626653
5.025548902404171,0.7431828626653
5.015832078593229,0.786916932537852
5.015832078593229,0.786916932537852
5.001584472576292,0.839582612374002
5.001584472576292,0.839582612374002
4.982521083409427,0.893548687093851
4.982521083409427,0.893548687093851
4.968273476788882,0.946214367338156
4.968273476788882,0.946214367338156
4.963372435641169,0.988648041722944
4.963372435641169,0.988648041722944
4.958471394061146,1.031081716959956
4.958471394061146,1.031081716959956
4.961691658532349,1.073891806354836
4.961691658532349,1.073891806354836
4.966707183277109,1.121355907152509
4.966707183277109,1.121355907152509
4.987680317287976,1.161941620226046
4.987680317287976,1.161941620226046
4.997226624554131,1.200474111220117
5.001957148931371,1.240306995801592
5.001957148931371,1.240306995801592
5.001871890501278,1.281440276154905
5.001871890501278,1.281440276154905
4.998481110575596,1.32089674782256
4.998481110575596,1.32089674782256
5.000191112734459,1.366684039738662
5.000191112734459,1.366684039738662
5.012757942074888,1.39926212368218
5.012757942074888,1.39926212368218
5.03524133713649,1.436870633594513
5.03524133713649,1.436870633594513
5.049318426752743,1.46647151434091
5.049318426752743,1.46647151434091
5.055559211892509,1.503327196329331
5.055559211892509,1.503327196329331
5.066615779722698,1.538882483558133
5.066615779722698,1.538882483558133
5.090324435008008,1.565882574217142
5.090324435008008,1.565882574217142
5.112807829925504,1.60349108441355
5.112807829925504,1.60349108441355
5.133495963424751,1.636445581554964
5.133495963424751,1.636445581554964
5.149653314916495,1.67833168983219
5.149653314916495,1.67833168983219
5.17393197102656,1.720594211183233
5.191884583566767,1.76713433089917
5.191884583566767,1.76713433089917
5.193594586671836,1.812921623295259
5.193594586671836,1.812921623295259
5.182082501785239,1.852001681000958
5.182082501785239,1.852001681000958
5.178691721400052,1.891458152792692
5.178691721400052,1.891458152792692
5.181911984753754,1.934268241263516
5.181911984753754,1.934268241263516
5.175500683069204,1.979679120141719
5.175500683069204,1.979679120141719
5.162763337472198,2.029367596496675
5.162763337472198,2.029367596496675
5.151251252270199,2.068447654042378
5.151251252270199,2.068447654042378
5.149655733420177,2.112558137876888
5.149655733420177,2.112558137876888
5.146264953034991,2.152014609668622
5.155811260273954,2.190547099934549
5.155811260273954,2.190547099934549
5.155811260273954,2.190547099934549
5.173478871870226,2.229456004570586
5.186045701210656,2.262034088514104
5.186045701210656,2.262034088514104
5.185960442924667,2.303167368583344
5.185960442924667,2.303167368583344
5.177753879218254,2.343924234814706
5.177753879218254,2.343924234814706
5.1746480993175,2.39101192181042
5.1746480993175,2.39101192181042
5.16823679763295,2.436422800688624
5.16823679763295,2.436422800688624
5.16815153934696,2.477556080757863
5.16815153934696,2.477556080757863
5.168066281205076,2.518689360543028
5.168066281205076,2.518689360543028
5.174592066685169,2.563176258019504
5.174592066685169,2.563176258019504
5.176302070105641,2.608963550575588
5.176302070105641,2.608963550575588
5.203401505632035,2.59650716972694
5.23927750523009,2.55855635346304
5.23927750523009,2.55855635346304
5.278459026467837,2.522282345600727
5.278459026467837,2.522282345600727
5.315475027544107,2.514856390276824
5.315475027544107,2.514856390276824
5.349185507467385,2.505753627155402
5.349185507467385,2.505753627155402
5.384691248754529,2.501304875632684
5.384691248754529,2.501304875632684
5.416606467286749,2.487548100184412
5.416606467286749,2.487548100184412
5.453622468534316,2.480122145304579
5.453622468534316,2.480122145304579
5.482517165136366,2.472319776622784
5.482517165136366,2.472319776622784
5.511411862197924,2.464517407816912
5.511411862197924,2.464517407816912
5.537001036988987,2.455038230289463
5.537001036988987,2.455038230289463
5.555694166610526,2.434574220398958
5.555694166610526,2.434574220398958
5.57316203724277,2.424718629673613
5.57316203724277,2.424718629673613
5.585529123438555,2.408532217863928
5.591285166499059,2.388992188966996
5.591285166499059,2.388992188966996
5.591655424638674,2.355490123781744
5.591655424638674,2.355490123781744
5.590515422673759,2.324965262237682
5.590515422673759,2.324965262237682
5.591170682415308,2.299094413180466
5.591170682415308,2.299094413180466
5.587010158520226,2.274523958402883
5.587010158520226,2.274523958402883
5.577748851882601,2.243622682328716
5.577748851882601,2.243622682328716
5.562161502017712,2.216999005507582
5.562161502017712,2.216999005507582
5.543268629278719,2.188698520373026
5.543268629278719,2.188698520373026
5.527966279582859,2.169706058595876
5.527966279582859,2.169706058595876
5.510868668207733,2.146059585060025
5.498871840755172,2.128743931276305
