19,0,0,0
1,-0.2664915950078459,-0.6800735254367722,1.67494658097963
1,-0.2664915950078459,-0.6800735254367722,1.67494658097963
1,-0.26545197435586465,-0.6705221845696084,1.67494658097963
1,-0.26545197435586465,-0.6705221845696084,1.67494658097963
1,-0.26545197435586465,-0.6705221845696084,1.67494658097963
1,-0.26545197435586465,-0.6705221845696084,1.67494658097963
1,-0.26545197435586465,-0.6705221845696084,1.67494658097963
1,-0.26545197435586465,-0.6705221845696084,1.67494658097963
1,-0.2644123537038834,-0.6609841147864297,1.67494658097963
1,-0.2644123537038834,-0.6609841147864297,1.67494658097963
1,-0.2644123537038834,-0.6609841147864297,1.67494658097963
1,-0.2644123537038834,-0.6609841147864297,1.67494658097963
1,-0.27435816633533655,-0.6640783086353598,1.67494658097963
1,-0.2832643583148085,-0.6578753681359412,1.67494658097963
1,-0.2832643583148085,-0.6578753681359412,1.67494658097963
1,-0.30315598357771484,-0.6648308055437866,1.67494658097963
1,-0.30315598357771484,-0.6648308055437866,1.67494658097963
1,-0.27812526148398126,-0.6762396025078685,0.7362191483993773
1,-0.27812526148398126,-0.6762396025078685,0.7362191483993773
1,-0.5492948900228617,-0.6708203932499369,0.14776062167139062
1,-0.5492948900228617,-0.6708203932499369,0.14776062167139062
1,-0.5621037640105454,-0.7023531875061151,0.15385618408398052
1,-0.5621037640105454,-0.7023531875061151,0.15385618408398052
1,-0.5372201792898273,-0.7443117626371358,0.2286321978917999
1,-0.5372201792898273,-0.7443117626371358,0.2286321978917999
1,-0.6385828798833211,-0.7742092740338365,-0.019335979184069582
1,-0.6385828798833211,-0.7742092740338365,-0.019335979184069582
1,-0.5996896476976384,-0.8340863264674706,0.11057708008935273
2,-0.7070737837501524,-0.8402380615040003,0.09659315305652376
2,-0.7070737837501524,-0.8402380615040003,0.09659315305652376
2,-0.6482921931504992,-0.7793587107359485,-0.0039598030069247355
2,-0.6783602727529845,-0.7517978451685001,0.0536659074390966
2,-0.6783602727529845,-0.7517978451685001,0.0536659074390966
2,-0.6253096757751886,-0.6907966415668217,-0.053061674452056805
2,-0.6253096757751886,-0.6907966415668217,-0.053061674452056805
2,-0.5974041458282747,-0.652533524043018,-0.15044650885728522
2,-0.5974041458282747,-0.652533524043018,-0.15044650885728522
2,-0.6058953317931399,-0.6239390995922599,-0.12865205888885645
2,-0.6058953317931399,-0.6239390995922599,-0.12865205888885645
2,-0.5873426972655065,-0.5913543776789009,-0.18423974836732462
2,-0.5873426972655065,-0.5913543776789009,-0.18423974836732462
2,-0.5846310574375156,-0.5852349955359814,-0.2492958490378621
2,-0.5846310574375156,-0.5852349955359814,-0.2492958490378621
2,-0.5862047944732433,-0.5950630218724736,-0.26081990902293023
2,-0.5862047944732433,-0.5950630218724736,-0.26081990902293023
2,-0.581430934217642,-0.608769250208977,-0.4380954446089471
2,-0.581430934217642,-0.608769250208977,-0.4380954446089471
2,-0.5790801093402486,-0.6248199740725324,-0.49104925771323066
2,-0.5812417861221999,-0.6551335741663681,-0.545609646393975
2,-0.5812417861221999,-0.6551335741663681,-0.545609646393975
2,-0.5812417861221999,-0.6551335741663681,-0.545609646393975
3,-0.10457339299382501,-0.5635601121442149,-0.6661595378292234
3,-0.10457339299382501,-0.5635601121442149,-0.6661595378292234
3,-0.14408488431398186,-0.42154477816715985,-0.7381505297496351
3,-0.14408488431398186,-0.42154477816715985,-0.7381505297496351
3,-0.1908230841833093,-0.327566787083184,-0.8372166398233096
3,-0.1908230841833093,-0.327566787083184,-0.8372166398233096
4,1.2171604752088638,0.2433105012119288,-0.9042130230232892
3,0.26142610247941855,0.2690724809414742,-1.0769505280211955
3,0.26142610247941855,0.2690724809414742,-1.0769505280211955
3,0.2707192731584484,0.33837848631377265,-1.2396190540314214
3,0.2707192731584484,0.33837848631377265,-1.2396190540314214
3,0.24795809536561894,0.4459820624195551,-1.3242760748664812
3,0.24795809536561894,0.4459820624195551,-1.3242760748664812
3,0.2095075069089606,0.5913543776789009,-1.5357459266246458
3,0.2095075069089606,0.5913543776789009,-1.5357459266246458
3,0.14685199732502158,0.7147027354082255,-1.6767507278274174
3,0.14685199732502158,0.7147027354082255,-1.6767507278274174
3,0.11652826042105528,0.8709190547921202,-1.703853771248712
3,0.11652826042105528,0.8709190547921202,-1.703853771248712
3,0.021970877592135493,0.9962429422585637,-1.8546196753591122
3,0.021970877592135493,0.9962429422585637,-1.8546196753591122
3,0.011384001287352008,1.151086443322134,-1.9079312809600546
3,0.011384001287352008,1.151086443322134,-1.9079312809600546
3,0.06919802590645657,1.3124404748406688,-1.9573436464791163
3,0.06919802590645657,1.3124404748406688,-1.9573436464791163
3,0.104749148303502,1.5088074761214567,-1.9850846077420152
3,0.104749148303502,1.5088074761214567,-1.9850846077420152
2,1.1471632557756877,1.6668833192518304,-1.9871927909454992
2,1.1471632557756877,1.6668833192518304,-1.9871927909454992
2,1.1863791778930755,1.776091213873882,-2.0286173080769583
2,1.1863791778930755,1.776091213873882,-2.0286173080769583
2,1.1015044910138192,1.9016045856065873,-1.9551050871805085
2,1.1015044910138192,1.9016045856065873,-1.9551050871805085
2,1.111910271356194,2.025956564193813,-1.9630796710657958
2,1.111910271356194,2.025956564193813,-1.9630796710657958
2,0.9721137769104126,2.188172753691993,-1.870501647953485
2,0.9721137769104126,2.188172753691993,-1.870501647953485
2,0.9268291014676467,2.3307080469247965,-1.8463592065423484
2,0.9268291014676467,2.3307080469247965,-1.8463592065423484
2,0.7479829371330967,2.4968980756130197,-1.7586260429006486
2,0.7479829371330967,2.4968980756130197,-1.7586260429006486
2,0.6706688686987612,2.654806960967219,-1.7205223637369587
2,0.6706688686987612,2.654806960967219,-1.7205223637369587
2,0.44074832436579525,2.8040149785619906,-1.628612103596461
2,0.44074832436579525,2.8040149785619906,-1.628612103596461
2,0.3126003394384918,2.944316559067656,-1.578512776483814
2,0.3126003394384918,2.944316559067656,-1.578512776483814
2,0.2749185689582727,3.104528949776439,-1.5626824656353002
2,0.011454593878967547,3.285620184987912,-1.4697613107920473
2,0.011454593878967547,3.285620184987912,-1.4697613107920473
2,0.20354198726083092,3.4776572574076363,-1.411421237083184
2,0.20354198726083092,3.4776572574076363,-1.411421237083184
2,0.2215819753304027,3.650890302378312,-1.403038944284631
2,0.2215819753304027,3.650890302378312,-1.403038944284631
2,0.3972937957137348,3.8242515607632304,-1.3540419671275439
2,0.3972937957137348,3.8242515607632304,-1.3540419671275439
2,0.5155776450896451,3.969130887234635,-1.3193013628995218
2,0.5155776450896451,3.969130887234635,-1.3193013628995218
2,0.5813665403352017,4.124196891517183,-1.3004942184788064
2,0.5813665403352017,4.124196891517183,-1.3004942184788064
2,0.6734237980764718,4.29930226897342,-1.2781948447577758
2,0.6734237980764718,4.29930226897342,-1.2781948447577758
3,1.9388089848939059,4.468064457905683,-1.2340907236257295
3,1.9388089848939059,4.468064457905683,-1.2340907236257295
3,2.002800225591047,4.620995563728665,-1.2178816763295328
3,2.002800225591047,4.620995563728665,-1.2178816763295328
3,2.2670662061821787,4.764388733090532,-1.1526201504060358
3,2.2670662061821787,4.764388733090532,-1.1526201504060358
3,2.564793684716503,4.898009799908531,-1.0768756533962849
3,2.564793684716503,4.898009799908531,-1.0768756533962849
3,2.769041020100445,5.033587190066345,-1.0260523637099108
3,2.769041020100445,5.033587190066345,-1.0260523637099108
3,2.908004891073801,5.170967027549103,-0.9928851738025618
3,2.908004891073801,5.170967027549103,-0.9928851738025618
3,3.00086946779005,5.290009451787397,-0.9694982854246135
3,3.00086946779005,5.290009451787397,-0.9694982854246135
3,3.2573037179434,5.410924135487394,-0.9063274894120803
3,3.2573037179434,5.410924135487394,-0.9063274894120803
3,3.4450065671314407,5.5339859052946645,-0.8608836535462031
3,3.4450065671314407,5.5339859052946645,-0.8608836535462031
3,3.448611799302764,5.668483042225671,-0.8620584346657205
3,3.448611799302764,5.668483042225671,-0.8620584346657205
3,3.7972553456696474,5.785265767447508,-0.7821415535461521
3,3.7972553456696474,5.785265767447508,-0.7821415535461521
3,4.209572041968263,5.875797818169036,-0.678389408963798
3,4.209572041968263,5.875797818169036,-0.678389408963798
3,4.054461447447842,6.018538028458407,-0.7184173136278116
3,4.054461447447842,6.018538028458407,-0.7184173136278116
3,4.300476262237336,6.133718285020922,-0.6613846660616173
3,4.300476262237336,6.133718285020922,-0.6613846660616173
4,5.33191603899066,6.226299061240152,-0.5876148345675729
4,5.4290392084286685,6.311552899247537,-0.55736723143296
4,5.4290392084286685,6.311552899247537,-0.55736723143296
4,5.635540555748468,6.380007836985783,-0.48634699164250755
4,5.635540555748468,6.380007836985783,-0.48634699164250755
4,5.767406809454953,6.431990360689294,-0.43371693711446896
4,5.767406809454953,6.431990360689294,-0.43371693711446896
4,5.878622196710845,6.486940727338273,-0.3902669653860701
4,5.878622196710845,6.486940727338273,-0.3902669653860701
4,5.989813035984377,6.554784512094963,-0.3510565729436907
4,5.989813035984377,6.554784512094963,-0.3510565729436907
4,6.055252081369628,6.607298994294113,-0.3207484068840335
4,6.055252081369628,6.607298994294113,-0.3207484068840335
5,6.479008588886296,6.65973723205353,-0.2875826132400861
5,6.479008588886296,6.65973723205353,-0.2875826132400861
5,6.522788476819756,6.672705598181295,-0.2408543895776663
5,6.57337016321726,6.690186843429711,-0.1946204431594113
5,6.57337016321726,6.690186843429711,-0.1946204431594113
5,6.617250064722971,6.710745115112032,-0.15221836711390985
5,6.617250064722971,6.710745115112032,-0.15221836711390985
5,6.664441385767977,6.724284348538512,-0.09781313820366781
5,6.664441385767977,6.724284348538512,-0.09781313820366781
5,6.702065778001467,6.731894235651656,-0.0347184385465216
5,6.702065778001467,6.731894235651656,-0.0347184385465216
5,6.702713448547163,6.741661516273269,-0.027358559623786714
5,6.702713448547163,6.741661516273269,-0.027358559623786714
5,6.714480550123799,6.744368020800763,0.006818477788765256
5,6.714480550123799,6.744368020800763,0.006818477788765256
5,6.733292116768214,6.740066765247954,0.07712295805297553
5,6.733292116768214,6.740066765247954,0.07712295805297553
6,6.692926849731832,6.737135889975798,0.06859283586677832
6,6.692926849731832,6.737135889975798,0.06859283586677832
6,6.609300401874114,6.702156369408282,0.14128614827819203
6,6.609300401874114,6.702156369408282,0.14128614827819203
6,6.492903795936812,6.65006766882864,0.2133286274115383
6,6.481773475114643,6.6207552439279915,0.2203638750934016
6,6.481773475114643,6.6207552439279915,0.2203638750934016
6,6.4604752502723635,6.594368809825547,0.23826065577627703
6,6.4604752502723635,6.594368809825547,0.23826065577627703
6,6.392968068992919,6.550457999254708,0.27623971843137446
6,6.392968068992919,6.550457999254708,0.27623971843137446
6,6.253034040230072,6.4984998268831236,0.3512014352716054
6,6.253034040230072,6.4984998268831236,0.3512014352716054
6,6.19453333758345,6.45886987018627,0.38166790269441886
6,6.19453333758345,6.45886987018627,0.38166790269441886
6,6.048466058898672,6.401757571167468,0.4480516753269487
6,6.048466058898672,6.401757571167468,0.4480516753269487
6,5.886692231670835,6.345841157797759,0.5154974808093163
6,5.897578993628597,6.30353075664742,0.5137341746660269
7,5.354763892969441,6.252591462745667,0.5137341746660269
7,5.3335189953137325,6.252591462745667,0.5202796829597809
7,5.3335189953137325,6.252591462745667,0.5202796829597809
7,5.072087070719123,6.160397714433704,0.5921663041909236
7,5.021621152449596,6.080131577523631,0.6055667676548108
7,5.021621152449596,6.080131577523631,0.6055667676548108
7,5.021621152449596,6.080131577523631,0.6055667676548108
7,4.822559133901169,5.991635836731066,0.6586879578343602
7,4.713033968175698,5.895303215272307,0.6868270286996391
7,4.713033968175698,5.895303215272307,0.6868270286996391
7,4.4671703283784,5.790587189568947,0.750153333548525
7,4.4671703283784,5.790587189568947,0.750153333548525
7,4.400168445726567,5.6977978202108925,0.7674692686563359
7,4.400168445726567,5.6977978202108925,0.7674692686563359
7,4.0780194999994155,5.576208389219326,0.8475259506489888
7,4.0780194999994155,5.576208389219326,0.8475259506489888
7,3.930846257895046,5.475216890681135,0.883446921050135
7,3.930846257895046,5.475216890681135,0.883446921050135
7,3.6613200348340236,5.346026561849464,0.9476898728221687
7,3.6613200348340236,5.346026561849464,0.9476898728221687
7,3.4852116021875412,5.228508391501347,0.990927961579375
7,3.4852116021875412,5.228508391501347,0.990927961579375
7,3.4616817417083956,5.1210350516277465,0.9952658029022815
7,3.4616817417083956,5.1210350516277465,0.9952658029022815
7,3.248370172603119,4.985619319603131,1.0467675020689058
7,3.248370172603119,4.985619319603131,1.0467675020689058
8,1.8160658525423239,4.868059161513959,1.130944557359667
8,1.8160658525423239,4.868059161513959,1.130944557359667
8,1.9131086015829053,4.744649618254228,1.1114953063071435
8,1.9131086015829053,4.744649618254228,1.1114953063071435
8,1.7686737170379887,4.602781767583599,1.1416195146636399
8,1.7686737170379887,4.602781767583599,1.1416195146636399
8,1.392788811720779,4.451898471438898,1.2233960441012082
8,1.392788811720779,4.451898471438898,1.2233960441012082
8,1.1844792240719966,4.300941757336409,1.2708634147018483
8,1.1844792240719966,4.300941757336409,1.2708634147018483
8,0.9466748522699384,4.160432669807311,1.3268211139817385
8,0.7653049112774667,4.02031093324882,1.3668306926886067
8,0.7653049112774667,4.02031093324882,1.3668306926886067
8,0.6402100616330373,3.870116277322943,1.3968566390082158
8,0.6402100616330373,3.870116277322943,1.3968566390082158
8,0.3178205638925197,3.730120641480648,1.4774463445544284
8,0.3178205638925197,3.730120641480648,1.4774463445544284
8,0.15689753404614834,3.6001249978299366,1.5188682436920093
8,0.15689753404614834,3.6001249978299366,1.5188682436920093
8,0.0642073220526493,3.460231206147936,1.5777930027002909
8,0.0642073220526493,3.460231206147936,1.5777930027002909
8,0.22070907050941904,3.3105437619823124,1.6193894347630722
8,0.4248780665741464,3.2009998437988094,1.6789273279375792
8,0.4248780665741464,3.2009998437988094,1.6789273279375792
8,0.5513369531002715,3.071628232713067,1.7187059995844072
8,0.5513369531002715,3.071628232713067,1.7187059995844072
8,0.7032043159715247,2.9533201655086434,1.7637899485585233
8,0.7032043159715247,2.9533201655086434,1.7637899485585233
8,0.9508705509454518,2.8357186038110345,1.8492215465156185
8,0.9508705509454518,2.8357186038110345,1.8492215465156185
8,1.1085247249917152,2.7206065500178447,1.9021313773227517
8,1.1085247249917152,2.7206065500178447,1.9021313773227517
8,0.9346037304830718,2.5930676813380713,1.8390825798249328
8,0.9346037304830718,2.5930676813380713,1.8390825798249328
8,0.774786391503959,2.4957563983690396,1.7740266536873206
8,0.774786391503959,2.4957563983690396,1.7740266536873206
8,0.6120649548421541,2.3281322986462776,1.7119348202183706
8,0.6120649548421541,2.3281322986462776,1.7119348202183706
8,0.35702558913319243,2.207826985975124,1.60605459567906
8,0.05108649048720376,2.04533615819014,1.473240275590047
8,0.05108649048720376,2.04533615819014,1.473240275590047
8,0.13930870101709758,1.9016308790088574,1.3868159343544177
8,0.13930870101709758,1.9016308790088574,1.3868159343544177
8,0.40841134128607787,1.7763445611704956,1.2542604465934757
8,0.40841134128607787,1.7763445611704956,1.2542604465934757
8,0.6164157564639128,1.6514841809717706,1.1458882409481683
8,0.6164157564639128,1.6514841809717706,1.1458882409481683
8,0.7632384916502454,1.530130713370593,1.0616467830080083
8,0.7632384916502454,1.530130713370593,1.0616467830080083
8,0.9016538087442059,1.4242541907960111,0.9625928902390969
8,0.9016538087442059,1.4242541907960111,0.9625928902390969
8,1.0247452171689622,1.3382077566656083,0.8637236533050476
8,1.0247452171689622,1.3382077566656083,0.8637236533050476
8,1.1323218007579123,1.2928263611173776,0.7617133473161838
8,1.1323218007579123,1.2928263611173776,0.7617133473161838
8,1.241251203340765,1.2794530081249564,0.6211326611216476
8,1.241251203340765,1.2794530081249564,0.6211326611216476
8,1.3146473148261937,1.3152946437965907,0.4594767751434286
8,1.3146473148261937,1.3152946437965907,0.4594767751434286
9,1.0228650231989904,1.3261975720080323,0.28704051397441577
9,1.0228650231989904,1.3261975720080323,0.28704051397441577
9,1.1819664915697778,1.278827588066507,0.11448365055409102
9,1.1819664915697778,1.278827588066507,0.11448365055409102
9,1.257430185867309,1.2757742747053646,0.012367577612556403
9,1.257430185867309,1.2757742747053646,0.012367577612556403
9,1.3049925021398072,1.3103434664239755,-0.1133004918541647
9,1.3049925021398072,1.3103434664239755,-0.1133004918541647
9,1.3066399772267203,1.376154061142865,-0.22459298240390993
9,1.3066399772267203,1.376154061142865,-0.22459298240390993
9,1.3014208993983998,1.468911161370898,-0.28346991939068666
9,1.3014208993983998,1.468911161370898,-0.28346991939068666
9,1.2703008068685213,1.57851195750935,-0.3398449268947295
9,1.2703008068685213,1.57851195750935,-0.3398449268947295
9,1.2560900548707836,1.702997357602178,-0.3749920183055409
9,1.2560900548707836,1.702997357602178,-0.3749920183055409
10,1.731193282896612,1.7511139311878026,-0.39318951921853457
10,1.731193282896612,1.7511139311878026,-0.39318951921853457
10,1.7346804637318674,1.7988885457415087,-0.41302518616745015
10,1.7346804637318674,1.7988885457415087,-0.41302518616745015
10,1.7463756678282643,1.8527007313648904,-0.39443271724473017
10,1.7463756678282643,1.8527007313648904,-0.39443271724473017
10,1.774249045341632,1.9209372712298545,-0.36209211527112567
10,1.774249045341632,1.9209372712298545,-0.36209211527112567
10,1.7953529925241698,1.9734487578855444,-0.31129238752965344
10,1.8402783518641104,2.0357799488156862,-0.25407613132614937
10,1.8402783518641104,2.0357799488156862,-0.25407613132614937
10,1.8928888760555038,2.103188056261256,-0.18642140993231754
10,1.8928888760555038,2.103188056261256,-0.18642140993231754
10,1.939828146258044,2.1473006310249154,-0.1111502462157077
10,1.939828146258044,2.1473006310249154,-0.1111502462157077
10,1.9774927787434062,2.2007725916141356,-0.05781507866986337
10,1.9774927787434062,2.2007725916141356,-0.05781507866986337
11,2.1711000754171272,2.1949487465542328,-0.0033709289173018482
11,2.1711000754171272,2.1949487465542328,-0.0033709289173018482
11,2.130846568166844,2.157521726425947,0.07388641948807675
11,2.130846568166844,2.157521726425947,0.07388641948807675
11,2.1460063940659304,2.1502092921387908,0.04858193786096225
11,2.1460063940659304,2.1502092921387908,0.04858193786096225
11,2.132194441093423,2.133377603707323,0.08958460891221502
11,2.132194441093423,2.133377603707323,0.08958460891221502
11,2.115094777332496,2.1160340261914503,0.15297880706900377
11,2.128041403983514,2.129835674412465,0.15266202980976595
11,2.1097963766487715,2.1224985276791126,0.15266202980976595
11,2.1190952164001993,2.1224985276791126,0.20548284882504753
11,2.107936634813531,2.109241569853961,0.2880720035623444
11,2.107936634813531,2.109241569853961,0.2880720035623444
11,2.110156884888412,2.116978979583879,0.30722070891767544
11,2.110156884888412,2.116978979583879,0.30722070891767544
12,1.7072706397429083,2.0836986346398554,0.38300831555995035
12,1.7072706397429083,2.0836986346398554,0.38300831555995035
12,1.6194257017867886,2.0044450603595996,0.44453274248907687
12,1.6194257017867886,2.0044450603595996,0.44453274248907687
12,1.620871281790043,1.9362076334938874,0.44928824110198584
12,1.620871281790043,1.9362076334938874,0.44928824110198584
12,1.5801104347890413,1.8545619428857045,0.4808233736257958
12,1.5801104347890413,1.8545619428857045,0.4808233736257958
12,1.4707267440036533,1.7804493814764855,0.5762789210758696
12,1.4707267440036533,1.7804493814764855,0.5762789210758696
12,1.4322183235064248,1.7014405661086136,0.6113994834820502
12,1.4322183235064248,1.7014405661086136,0.6113994834820502
12,1.4592885177313353,1.6498484778912272,0.5946968570733894
12,1.4592885177313353,1.6498484778912272,0.5946968570733894
12,1.4085092351444135,1.5768956845650888,0.6513059132301251
12,1.3490162220365485,1.501532550429727,0.7173713378070913
12,1.3490162220365485,1.501532550429727,0.7173713378070913
12,1.3565916353290772,1.4396180048887968,0.6959842476860779
12,1.3565916353290772,1.4396180048887968,0.6959842476860779
12,1.27488039631479,1.3732079230764727,0.8248303871877561
12,1.27488039631479,1.3732079230764727,0.8248303871877561
12,1.2572289653811917,1.3188252348207472,0.8485539495784143
12,1.2572289653811917,1.3188252348207472,0.8485539495784143
12,1.2471748980495627,1.278006259765578,0.8667319028037855
12,1.2471748980495627,1.278006259765578,0.8667319028037855
13,0.13985373104152682,1.1597413504743204,0.9361131038936894
13,0.13985373104152682,1.1597413504743204,0.9361131038936894
13,0.05665926221358052,1.0121264743103997,0.9980914909612604
13,0.06844863597959454,0.8770974860299167,0.9933302327618195
13,0.06844863597959454,0.8770974860299167,0.9933302327618195
13,0.06016483302398824,0.7220110802473875,1.116178373756094
13,0.06016483302398824,0.7220110802473875,1.116178373756094
13,0.04517533256195185,0.5830951894845295,1.1079295986453184
13,0.04517533256195185,0.5830951894845295,1.1079295986453184
13,0.09735695693005225,0.4440720662234902,1.1663434997815414
13,0.09735695693005225,0.4440720662234902,1.1663434997815414
13,0.143480403943569,0.32526911934581215,1.2422365243106364
13,0.143480403943569,0.32526911934581215,1.2422365243106364
14,1.404407594057736,0.20591260281973978,1.2495402036314573
14,1.404407594057736,0.20591260281973978,1.2495402036314573
14,-1.4612087716708206,-0.16278820596099722,1.3132885290934755
14,-1.4612087716708206,-0.16278820596099722,1.3132885290934755
14,-1.5293182321027516,-0.23345235059857514,1.4318773685811834
14,-1.5293182321027516,-0.23345235059857514,1.4318773685811834
13,-0.17814693462810804,-0.34014702703389854,1.4437611409250872
13,-0.17814693462810804,-0.34014702703389854,1.4437611409250872
13,-0.16945332591109338,-0.4492215489043238,1.4775974900676514
13,-0.14716606752874306,-0.5869412236331673,1.5582044743734578
13,-0.14716606752874306,-0.5869412236331673,1.5582044743734578
13,-0.12946972916840688,-0.7040596565632771,1.5860346219611337
13,-0.12946972916840688,-0.7040596565632771,1.5860346219611337
13,-0.1313611084162869,-0.8417244204607583,1.5811956966099787
13,-0.1313611084162869,-0.8417244204607583,1.5811956966099787
13,-0.11869263165600195,-0.9633794683301072,1.6141332011877654
13,-0.11869263165600195,-0.9633794683301072,1.6141332011877654
13,-0.08382039380827684,-1.0948972554536796,1.6593145395341429
13,-0.08382039380827684,-1.0948972554536796,1.6593145395341429
13,-0.14846300393975606,-1.223315167894194,1.596812553690974
13,-0.14846300393975606,-1.223315167894194,1.596812553690974
13,-0.22754906628727029,-1.367186892857008,1.5061620722045657
13,-0.22754906628727029,-1.367186892857008,1.5061620722045657
13,-0.3790879315836648,-1.5033296378372907,1.3824470261708257
13,-0.3790879315836648,-1.5033296378372907,1.3824470261708257
13,-0.6218750638723003,-1.6301226947687097,1.1916582788512424
13,-0.6218750638723003,-1.6301226947687097,1.1916582788512424
13,-0.787133757734155,-1.7418381095842403,1.055959453107459
13,-0.787133757734155,-1.7418381095842403,1.055959453107459
13,-0.9328716627234342,-1.8487833837418597,0.9443772379018825
13,-0.9328716627234342,-1.8487833837418597,0.9443772379018825
13,-1.1036448806263153,-1.9417775361765828,0.8163664129802092
13,-1.1036448806263153,-1.9417775361765828,0.8163664129802092
13,-1.2338912530274018,-2.0415925156602626,0.7196142604288284
13,-1.2338912530274018,-2.0415925156602626,0.7196142604288284
14,-2.060741303913503,-2.0957099035887574,0.5953443742258794
14,-2.060741303913503,-2.0957099035887574,0.5953443742258794
14,-2.0717917280412323,-2.100095235935742,0.5041840820649638
14,-2.0717917280412323,-2.100095235935742,0.5041840820649638
14,-2.076913143724188,-2.0935376758014175,0.3919395144082562
14,-2.0790404471826758,-2.090598000573042,0.3025948882681897
14,-2.0790404471826758,-2.090598000573042,0.3025948882681897
14,-2.071144149860845,-2.0739334608419817,0.1678518048227981
14,-2.071144149860845,-2.0739334608419817,0.1678518048227981
14,-2.050020634122608,-2.051194773784294,0.0679701023896665
14,-2.050020634122608,-2.051194773784294,0.0679701023896665
14,-2.0385071823789245,-2.0412006270820124,0.01707734859906344
14,-2.0385071823789245,-2.0412006270820124,0.01707734859906344
14,-1.9762927321932762,-1.983380951809309,-0.20079384725664043
14,-1.9762927321932762,-1.983380951809309,-0.20079384725664043
