-25.74543,28.247510199999997,0.03,264.03263000000004
-25.74543,28.247510199999997,0.03,264.03263000000004
-25.74543,28.2475103,0.04,264.03263000000004
-25.74543,28.2475103,0.04,264.03263000000004
-25.74543,28.2475103,0.01,264.03263000000004
-25.74543,28.2475103,0.01,264.03263000000004
-25.74543,28.2475103,0.01,264.03263000000004
-25.74543,28.2475103,0.01,264.03263000000004
-25.74543,28.2475104,0.03,264.03263000000004
-25.74543,28.2475104,0.04,264.03263000000004
-25.74543,28.2475104,0.04,264.03263000000004
-25.74543,28.2475104,0.04,264.03263000000004
-25.745429899999998,28.2475104,0.03,264.03263000000004
-25.7454298,28.247510499999997,0.12,264.03263000000004
-25.7454298,28.247510499999997,0.12,264.03263000000004
-25.7454297,28.247510499999997,0.15,264.03263000000004
-25.7454297,28.247510499999997,0.15,264.03263000000004
-25.7454294,28.247510499999997,0.26,317.81775000000005
-25.7454294,28.247510499999997,0.26,317.81775000000005
-25.7454291,28.2475107,0.3,351.53394000000003
-25.7454291,28.2475107,0.3,351.53394000000003
-25.7454288,28.247510499999997,0.3,351.18469000000005
-25.7454288,28.247510499999997,0.3,351.18469000000005
-25.745428399999998,28.2475103,0.41,346.90034
-25.745428399999998,28.2475103,0.41,346.90034
-25.745427799999998,28.2475104,0.66,1.1078700000000001
-25.745427799999998,28.2475104,0.66,1.1078700000000001
-25.745427199999998,28.2475101,0.65,353.6644
-25.7454266,28.2475101,0.63,354.46562
-25.7454266,28.2475101,0.63,354.46562
-25.7454258,28.247510199999997,0.9,0.22688000000000003
-25.7454251,28.2475101,0.73,356.92517000000004
-25.7454251,28.2475101,0.73,356.92517000000004
-25.7454242,28.2475103,0.97,3.04021
-25.7454242,28.2475103,0.97,3.04021
-25.7454234,28.2475104,0.88,8.619950000000001
-25.7454234,28.2475104,0.88,8.619950000000001
-25.7454225,28.247510499999997,0.95,7.371220000000001
-25.7454225,28.247510499999997,0.95,7.371220000000001
-25.7454215,28.247510799999997,1.11,10.55616
-25.7454215,28.247510799999997,1.11,10.55616
-25.7454204,28.247511099999997,1.2,14.283600000000002
-25.7454204,28.247511099999997,1.2,14.283600000000002
-25.745419599999998,28.2475113,1.01,14.943880000000002
-25.745419599999998,28.2475113,1.01,14.943880000000002
-25.7454182,28.2475122,1.52,25.101020000000002
-25.7454182,28.2475122,1.52,25.101020000000002
-25.7454176,28.247512699999998,1.02,28.135050000000003
-25.745416799999997,28.247513299999998,1.05,31.26113
-25.745416799999997,28.247513299999998,1.05,31.26113
-25.745416799999997,28.247513299999998,1.05,31.26113
-25.7454161,28.247514,1.12,38.168130000000005
-25.7454161,28.247514,1.12,38.168130000000005
-25.7454151,28.247515,1.37,42.292910000000006
-25.7454151,28.247515,1.37,42.292910000000006
-25.7454145,28.2475159,1.2,47.96898
-25.7454145,28.2475159,1.2,47.96898
-25.745413799999998,28.247517,1.28,51.807590000000005
-25.7454134,28.247518399999997,1.36,61.70472
-25.7454134,28.247518399999997,1.36,61.70472
-25.7454133,28.247519399999998,1.17,71.02494
-25.7454133,28.247519399999998,1.17,71.02494
-25.745413,28.2475208,1.38,75.87543000000001
-25.745413,28.2475208,1.38,75.87543000000001
-25.7454133,28.2475222,1.38,87.99176000000001
-25.7454133,28.2475222,1.38,87.99176000000001
-25.7454136,28.2475234,1.36,96.07074000000001
-25.7454136,28.2475234,1.36,96.07074000000001
-25.7454137,28.2475249,1.5,97.62363
-25.7454137,28.2475249,1.5,97.62363
-25.7454143,28.247525999999997,1.44,106.26188
-25.7454143,28.247525999999997,1.44,106.26188
-25.7454149,28.2475274,1.62,109.31641
-25.7454149,28.2475274,1.62,109.31641
-25.7454155,28.2475289,1.56,112.14753
-25.7454155,28.2475289,1.56,112.14753
-25.745416199999998,28.2475307,1.57,113.73697000000001
-25.745416199999998,28.2475307,1.57,113.73697000000001
-25.745416799999997,28.2475323,1.71,113.85776000000001
-25.745416799999997,28.2475323,1.71,113.85776000000001
-25.7454176,28.247533699999998,1.6,116.23121
-25.7454176,28.247533699999998,1.6,116.23121
-25.7454179,28.2475351,1.46,112.01927
-25.7454179,28.2475351,1.46,112.01927
-25.7454185,28.2475365,1.51,112.47618000000001
-25.7454185,28.2475365,1.51,112.47618000000001
-25.7454187,28.247538199999997,1.58,107.17185
-25.7454187,28.247538199999997,1.58,107.17185
-25.7454191,28.247539699999997,1.57,105.78859000000001
-25.7454191,28.247539699999997,1.57,105.78859000000001
-25.7454193,28.2475414,1.65,100.76185000000001
-25.7454193,28.2475414,1.65,100.76185000000001
-25.7454194,28.247543,1.57,98.57867
-25.7454194,28.247543,1.57,98.57867
-25.7454194,28.2475445,1.49,93.3126
-25.7454194,28.2475445,1.49,93.3126
-25.7454193,28.2475459,1.47,90.44212
-25.7454193,28.2475459,1.47,90.44212
-25.745419199999997,28.2475475,1.57,89.53511
-25.745419,28.2475493,1.51,84.21112000000001
-25.745419,28.2475493,1.51,84.21112000000001
-25.7454187,28.2475512,1.62,80.86848
-25.7454187,28.2475512,1.62,80.86848
-25.7454184,28.2475529,1.68,80.38821
-25.7454184,28.2475529,1.68,80.38821
-25.745417999999997,28.2475545,1.53,77.58089000000001
-25.745417999999997,28.2475545,1.53,77.58089000000001
-25.7454176,28.2475559,1.54,75.5904
-25.7454176,28.2475559,1.54,75.5904
-25.745417099999997,28.247557399999998,1.55,74.51283000000001
-25.745417099999997,28.247557399999998,1.55,74.51283000000001
-25.7454167,28.2475591,1.66,73.23517000000001
-25.7454167,28.2475591,1.66,73.23517000000001
-25.7454161,28.2475608,1.63,70.70819
-25.7454161,28.2475608,1.63,70.70819
-25.745415599999998,28.2475624,1.54,69.77948
-25.745415599999998,28.2475624,1.54,69.77948
-25.7454149,28.2475639,1.59,66.04027
-25.7454149,28.2475639,1.59,66.04027
-25.745414099999998,28.247565299999998,1.57,61.700430000000004
-25.745414099999998,28.247565299999998,1.57,61.700430000000004
-25.7454133,28.2475667,1.51,58.788470000000004
-25.7454133,28.2475667,1.51,58.788470000000004
-25.7454125,28.2475681,1.64,56.888130000000004
-25.7454125,28.2475681,1.64,56.888130000000004
-25.7454117,28.2475693,1.52,55.54816
-25.7454117,28.2475693,1.52,55.54816
-25.745410699999997,28.2475705,1.5,51.928740000000005
-25.745410699999997,28.2475705,1.5,51.928740000000005
-25.7454097,28.247571699999998,1.53,49.325
-25.7454097,28.247571699999998,1.53,49.325
-25.7454088,28.247573,1.55,49.39231
-25.7454088,28.247573,1.55,49.39231
-25.7454078,28.247574099999998,1.49,44.813410000000005
-25.7454078,28.247574099999998,1.49,44.813410000000005
-25.7454066,28.2475749,1.49,38.86885
-25.7454066,28.2475749,1.49,38.86885
-25.7454055,28.247576199999997,1.65,41.16228
-25.7454055,28.247576199999997,1.65,41.16228
-25.7454043,28.2475772,1.6,37.89455
-25.7454043,28.2475772,1.6,37.89455
-25.745403,28.247577999999997,1.58,33.66785
-25.7454018,28.247578899999997,1.53,31.934790000000003
-25.7454018,28.247578899999997,1.53,31.934790000000003
-25.745400399999998,28.247579599999998,1.59,27.865630000000003
-25.745400399999998,28.247579599999998,1.59,27.865630000000003
-25.7453991,28.2475801,1.51,24.850150000000003
-25.7453991,28.2475801,1.51,24.850150000000003
-25.7453978,28.2475806,1.51,22.360650000000003
-25.7453978,28.2475806,1.51,22.360650000000003
-25.7453965,28.2475812,1.57,20.114060000000002
-25.7453965,28.2475812,1.57,20.114060000000002
-25.7453951,28.2475816,1.56,18.37753
-25.7453951,28.2475816,1.56,18.37753
-25.7453938,28.247581999999998,1.54,16.47727
-25.7453938,28.247581999999998,1.54,16.47727
-25.7453923,28.2475822,1.57,13.799940000000001
-25.745390999999998,28.2475824,1.49,11.15093
-25.745390999999998,28.2475824,1.49,11.15093
-25.7453897,28.247582599999998,1.45,8.72147
-25.7453897,28.247582599999998,1.45,8.72147
-25.7453884,28.2475827,1.5,5.60428
-25.7453884,28.2475827,1.5,5.60428
-25.745386999999997,28.2475827,1.48,1.9892200000000002
-25.745386999999997,28.2475827,1.48,1.9892200000000002
-25.7453857,28.2475827,1.49,1.56753
-25.7453857,28.2475827,1.49,1.56753
-25.7453844,28.247582599999998,1.39,359.60933000000006
-25.7453844,28.247582599999998,1.39,359.60933000000006
-25.7453832,28.2475824,1.44,355.58118
-25.7453832,28.2475824,1.44,355.58118
-25.745381899999998,28.247582299999998,1.42,356.06992
-25.745381899999998,28.247582299999998,1.42,356.06992
-25.745380599999997,28.247581999999998,1.4,351.90490000000005
-25.745380599999997,28.247581999999998,1.4,351.90490000000005
-25.745379399999997,28.2475815,1.4,347.77717
-25.745378199999998,28.2475812,1.41,347.37408000000005
-25.745378199999998,28.2475812,1.41,347.37408000000005
-25.7453769,28.2475809,1.41,346.34867
-25.7453769,28.2475809,1.41,346.34867
-25.745375799999998,28.2475804,1.31,344.17263
-25.745375799999998,28.2475804,1.31,344.17263
-25.7453747,28.2475798,1.3,339.87764000000004
-25.7453747,28.2475798,1.3,339.87764000000004
-25.745373599999997,28.247579299999998,1.41,338.13204
-25.745373599999997,28.247579299999998,1.41,338.13204
-25.7453725,28.247578599999997,1.41,334.32853
-25.7453725,28.247578599999997,1.41,334.32853
-25.745371499999997,28.2475779,1.29,330.46417
-25.7453704,28.2475773,1.36,330.5652
-25.745369399999998,28.2475766,1.36,330.5652
-25.745369399999998,28.2475766,1.4,330.19017
-25.745369399999998,28.2475766,1.4,330.19017
-25.7453684,28.2475757,1.38,326.07137
-25.7453674,28.2475749,1.4,325.30358
-25.7453674,28.2475749,1.4,325.30358
-25.7453674,28.2475749,1.4,325.30358
-25.7453665,28.247574,1.39,322.25996000000004
-25.7453655,28.247573,1.44,320.64771
-25.7453655,28.247573,1.44,320.64771
-25.7453646,28.247571899999997,1.43,317.01938
-25.7453646,28.247571899999997,1.43,317.01938
-25.7453637,28.2475709,1.49,316.02725000000004
-25.7453637,28.2475709,1.49,316.02725000000004
-25.7453629,28.2475696,1.46,311.44034000000005
-25.7453629,28.2475696,1.46,311.44034000000005
-25.745362099999998,28.2475685,1.43,309.38222
-25.745362099999998,28.2475685,1.43,309.38222
-25.7453614,28.247567099999998,1.52,305.70137
-25.7453614,28.247567099999998,1.52,305.70137
-25.7453607,28.2475658,1.41,303.22401
-25.7453607,28.2475658,1.41,303.22401
-25.7453601,28.2475646,1.41,302.97547000000003
-25.7453601,28.2475646,1.41,302.97547000000003
-25.745359399999998,28.247563099999997,1.63,300.02464000000003
-25.745359399999998,28.247563099999997,1.63,300.02464000000003
-25.7453589,28.2475618,1.43,295.20165000000003
-25.7453589,28.2475618,1.43,295.20165000000003
-25.7453583,28.2475606,1.41,296.31601
-25.7453583,28.2475606,1.41,296.31601
-25.745357799999997,28.247559199999998,1.48,294.59002000000004
-25.745357799999997,28.247559199999998,1.48,294.59002000000004
-25.745357499999997,28.247557699999998,1.5,289.90457000000004
-25.745357499999997,28.247557699999998,1.5,289.90457000000004
-25.745357199999997,28.2475562,1.5,287.18489
-25.745357199999997,28.2475562,1.5,287.18489
-25.745356899999997,28.2475548,1.46,283.97875000000005
-25.7453568,28.2475535,1.3,281.68637
-25.7453568,28.2475535,1.3,281.68637
-25.745356599999997,28.247552,1.48,279.96601000000004
-25.745356599999997,28.247552,1.48,279.96601000000004
-25.745356599999997,28.2475506,1.42,275.34856
-25.745356599999997,28.2475506,1.42,275.34856
-25.745356599999997,28.2475493,1.29,272.97526000000005
-25.745356599999997,28.2475493,1.29,272.97526000000005
-25.7453567,28.247547899999997,1.34,269.59912
-25.7453567,28.247547899999997,1.34,269.59912
-25.745356899999997,28.247546399999997,1.5,267.21582
-25.7453571,28.2475453,1.22,263.80455
-25.7453571,28.2475453,1.22,263.80455
-25.7453573,28.247543999999998,1.26,261.52540000000005
-25.7453573,28.247543999999998,1.26,261.52540000000005
-25.7453576,28.247542799999998,1.19,258.94228000000004
-25.7453576,28.247542799999998,1.19,258.94228000000004
-25.745358,28.247541599999998,1.25,254.04741
-25.745358,28.247541599999998,1.25,254.04741
-25.7453585,28.2475404,1.26,251.01590000000002
-25.7453585,28.2475404,1.26,251.01590000000002
-25.7453587,28.247539099999997,1.32,254.62833000000003
-25.7453587,28.247539099999997,1.32,254.62833000000003
-25.7453589,28.2475381,1.09,258.35576000000003
-25.7453589,28.2475381,1.09,258.35576000000003
-25.745359,28.247536399999998,1.57,261.91336
-25.745359,28.247536399999998,1.57,261.91336
-25.7453589,28.247535199999998,1.28,267.97985
-25.7453586,28.247533599999997,1.53,275.58955000000003
-25.7453586,28.247533599999997,1.53,275.58955000000003
-25.7453583,28.2475322,1.49,280.54130000000004
-25.7453583,28.2475322,1.49,280.54130000000004
-25.7453577,28.247531,1.43,288.13617000000005
-25.7453577,28.247531,1.43,288.13617000000005
-25.745357,28.2475298,1.43,294.34544
-25.745357,28.2475298,1.43,294.34544
-25.7453562,28.2475286,1.46,299.17212
-25.7453562,28.2475286,1.46,299.17212
-25.745355399999998,28.2475275,1.47,304.84749000000005
-25.745355399999998,28.2475275,1.47,304.84749000000005
-25.7453544,28.2475265,1.51,310.51228000000003
-25.7453544,28.2475265,1.51,310.51228000000003
-25.7453534,28.2475258,1.39,316.35704000000004
-25.7453534,28.2475258,1.39,316.35704000000004
-25.745352099999998,28.2475252,1.56,324.41172
-25.745352099999998,28.2475252,1.56,324.41172
-25.745350799999997,28.2475249,1.46,333.67392
-25.745350799999997,28.2475249,1.46,333.67392
-25.7453494,28.247524799999997,1.58,343.55379000000005
-25.7453494,28.247524799999997,1.58,343.55379000000005
-25.7453479,28.2475249,1.63,353.44057000000004
-25.7453479,28.2475249,1.63,353.44057000000004
-25.7453465,28.2475252,1.6,359.29139000000004
-25.7453465,28.2475252,1.6,359.29139000000004
-25.745345,28.247525699999997,1.7,6.49164
-25.745345,28.247525699999997,1.7,6.49164
-25.7453435,28.247526299999997,1.67,12.86823
-25.7453435,28.247526299999997,1.67,12.86823
-25.7453421,28.247526999999998,1.69,16.24163
-25.7453421,28.247526999999998,1.69,16.24163
-25.7453406,28.2475277,1.74,19.471680000000003
-25.7453406,28.2475277,1.74,19.471680000000003
-25.7453392,28.247528499999998,1.72,21.485460000000003
-25.7453392,28.247528499999998,1.72,21.485460000000003
-25.745337799999998,28.2475293,1.72,22.528100000000002
-25.745337799999998,28.2475293,1.72,22.528100000000002
-25.745336299999998,28.2475301,1.77,23.664600000000004
-25.745336299999998,28.2475301,1.77,23.664600000000004
-25.7453349,28.2475308,1.75,22.599330000000002
-25.7453349,28.2475308,1.75,22.599330000000002
-25.7453334,28.247531499999997,1.76,20.746350000000003
-25.7453334,28.247531499999997,1.76,20.746350000000003
-25.7453319,28.2475319,1.72,17.83574
-25.745330499999998,28.2475323,1.67,14.557490000000001
-25.745330499999998,28.2475323,1.67,14.557490000000001
-25.745328999999998,28.2475326,1.62,10.68116
-25.745328999999998,28.2475326,1.62,10.68116
-25.745327699999997,28.2475326,1.5,6.3684400000000005
-25.745327699999997,28.2475326,1.5,6.3684400000000005
-25.7453263,28.2475326,1.52,3.3125600000000004
-25.7453263,28.2475326,1.52,3.3125600000000004
-25.745324999999998,28.2475326,1.47,0.19314
-25.745324999999998,28.2475326,1.47,0.19314
-25.7453237,28.247532399999997,1.45,355.76662000000005
-25.7453237,28.247532399999997,1.45,355.76662000000005
-25.745322299999998,28.247532399999997,1.49,357.21646000000004
-25.745322299999998,28.247532399999997,1.49,357.21646000000004
-25.745321,28.2475322,1.54,354.86718
-25.745321,28.2475322,1.54,354.86718
-25.7453197,28.2475319,1.45,351.23496
-25.7453184,28.247531799999997,1.45,351.25311000000005
-25.745317099999998,28.2475314,1.45,351.25311000000005
-25.745317099999998,28.2475314,1.44,348.22670000000005
-25.745316,28.247530899999997,1.38,343.49469000000005
-25.745316,28.247530899999997,1.38,343.49469000000005
-25.7453148,28.2475305,1.37,342.39755
-25.7453148,28.2475305,1.37,342.39755
-25.7453137,28.247529999999998,1.32,338.05524
-25.7453137,28.247529999999998,1.32,338.05524
-25.745312799999997,28.247529399999998,1.23,334.53015000000005
-25.745312799999997,28.247529399999998,1.23,334.53015000000005
-25.7453117,28.2475289,1.31,334.25768000000005
-25.7453117,28.2475289,1.31,334.25768000000005
-25.7453106,28.247528199999998,1.31,332.45085
-25.7453106,28.247528199999998,1.31,332.45085
-25.745309799999998,28.2475275,1.24,326.98165
-25.745309799999998,28.2475275,1.24,326.98165
-25.7453088,28.247526699999998,1.3,324.96939000000003
-25.7453088,28.247526699999998,1.3,324.96939000000003
-25.7453078,28.247526099999998,1.37,325.92638000000005
-25.7453078,28.247526099999998,1.37,325.92638000000005
-25.745306799999998,28.2475252,1.4,322.68292
-25.745305899999998,28.247524199999997,1.4,318.89765
-25.745305899999998,28.247524199999997,1.4,318.89765
-25.745304899999997,28.247523299999997,1.42,320.12304
-25.745304899999997,28.247523299999997,1.42,320.12304
-25.7453041,28.2475222,1.39,312.7407
-25.7453041,28.2475222,1.39,312.7407
-25.7453033,28.2475211,1.41,311.38144
-25.7453033,28.2475211,1.41,311.38144
-25.745302499999998,28.247519999999998,1.41,310.33992
-25.745302499999998,28.247519999999998,1.41,310.33992
-25.7453018,28.247518799999998,1.42,306.36467000000005
-25.7453018,28.247518799999998,1.42,306.36467000000005
-25.7453012,28.247517499999997,1.45,302.81357
-25.7453005,28.2475164,1.39,303.08637000000004
-25.7453005,28.2475164,1.39,303.08637000000004
-25.7453,28.2475149,1.48,296.04769000000005
-25.7453,28.2475149,1.48,296.04769000000005
-25.7452994,28.2475137,1.45,296.52031000000005
-25.7452994,28.2475137,1.45,296.52031000000005
-25.745299,28.2475123,1.42,293.17344
-25.745299,28.2475123,1.42,293.17344
-25.7452988,28.247511,1.33,288.82509000000005
-25.7452988,28.247511,1.33,288.82509000000005
-25.745298299999998,28.2475097,1.39,288.40662000000003
-25.745298299999998,28.2475097,1.39,288.40662000000003
-25.7452981,28.247508399999997,1.34,284.75411
-25.7452981,28.247508399999997,1.34,284.75411
-25.7452981,28.247507,1.34,277.95947
-25.7452981,28.247507,1.34,277.95947
-25.745298,28.2475056,1.35,277.27858000000003
-25.745298,28.2475056,1.35,277.27858000000003
-25.745297899999997,28.2475044,1.28,275.3399
-25.745298,28.247503,1.36,270.72146000000004
-25.745298,28.247503,1.36,270.72146000000004
-25.745298,28.2475018,1.23,269.12691
-25.745298,28.2475018,1.23,269.12691
-25.745298,28.2475004,1.33,269.40416000000005
-25.745298,28.2475004,1.33,269.40416000000005
-25.7452981,28.2474992,1.24,267.51698000000005
-25.7452981,28.2474992,1.24,267.51698000000005
-25.745298299999998,28.2474979,1.31,264.92828000000003
-25.745298299999998,28.2474979,1.31,264.92828000000003
-25.745298299999998,28.247496599999998,1.34,268.50938
-25.745298299999998,28.247496599999998,1.34,268.50938
-25.745298,28.2474951,1.47,273.70327000000003
-25.745298,28.2474951,1.47,273.70327000000003
-25.745297599999997,28.247493799999997,1.38,280.79162
-25.745297599999997,28.247493799999997,1.38,280.79162
-25.7452969,28.2474925,1.51,291.72301000000004
-25.7452969,28.2474925,1.51,291.72301000000004
-25.745296,28.247491399999998,1.46,299.49798000000004
-25.745296,28.247491399999998,1.46,299.49798000000004
-25.7452951,28.2474904,1.47,305.89117000000005
-25.7452951,28.2474904,1.47,305.89117000000005
-25.7452941,28.247489599999998,1.42,313.22565000000003
-25.7452941,28.247489599999998,1.42,313.22565000000003
-25.745293,28.2474888,1.47,318.76914000000005
-25.745293,28.2474888,1.47,318.76914000000005
-25.7452918,28.2474882,1.44,325.88928000000004
-25.7452918,28.2474882,1.44,325.88928000000004
-25.7452906,28.2474876,1.43,331.11238000000003
-25.7452906,28.2474876,1.43,331.11238000000003
-25.7452892,28.2474872,1.59,337.54352
-25.745287899999997,28.2474869,1.49,342.66259
-25.745287899999997,28.2474869,1.49,342.66259
-25.745286399999998,28.247486799999997,1.57,350.38280000000003
-25.745286399999998,28.247486799999997,1.57,350.38280000000003
-25.745284899999998,28.2474869,1.65,356.10560000000004
-25.745284899999998,28.2474869,1.65,356.10560000000004
-25.7452836,28.247487,1.47,359.02154
-25.7452836,28.247487,1.47,359.02154
-25.7452822,28.247487699999997,1.6,11.50464
-25.7452822,28.247487699999997,1.6,11.50464
-25.745280899999997,28.247488099999998,1.55,14.62151
