[array([-0.01107841,  0.25083157]), 1.6852743922953815, 0.2600764162102848, 0.09287147391482242]
[array([-0.03323524,  0.52172967]), 1.683128160914204, 0.2771819324978134, 0.09072524253364489]
[array([-0.05539207,  0.74246145]), 1.637245898340226, 0.16056925104582195, 0.04484297995966702]
[array([-0.06647049,  0.86286061]), 1.6645592539363858, 0.2475072575730351, 0.07215633555582679]
[array([-0.07754891,  0.98325976]), 1.658075704831077, 0.2405022642209862, 0.065672786450518]
[array([-0.08862733,  1.11369218]), 1.6423242828647533, 0.20773921875686274, 0.049921364484194264]
[array([-0.09970575,  1.24412459]), 1.6311934455601598, 0.17784474979406376, 0.03879052717960074]
[array([-0.08862735,  1.37455701]), 1.5966060812404637, 0.07065812610729619, 0.00420316285990463]
[array([-0.11078419,  1.50498942]), 1.6186731516380535, 0.15404911068645316, 0.026270233257494446]
[array([-0.11078421,  1.63542184]), 1.625740338845229, 0.16368700299675704, 0.03333742046466992]
[array([-0.09970581,  1.77588752]), 1.5532053277969704, -0.04940392672446532, -0.039197590583588626]
[array([-0.08862742,  1.9163532 ]), 1.5345591027332888, -0.11222349412984305, -0.05784381564727026]
[array([-0.08862744,  2.05681888]), 1.5494615965514429, -0.07078142759286148, -0.04294132182911614]
[array([-0.06647064,  2.1872513 ]), 1.4688479799944778, -0.32856581613104374, -0.12355493838608123]
[array([-0.03323544,  2.32771699]), 1.4233067547563398, -0.4906810736188272, -0.1690961636242192]
[array([-2.30155212e-07,  2.46818267e+00]), 1.401458548646949, -0.5873627323586142, -0.19094436973360995]
[array([0.04431339, 2.5986151 ]), 1.3123315650646075, -0.9055545986293833, -0.28007135331595157]
[array([0.09970541, 2.74911406]), 1.2758611650149336, -1.0737901085128658, -0.3165417533656254]
[array([0.16617584, 2.87954649]), 1.1942989620095106, -1.4190421712584116, -0.39810395637104845]
[array([0.2880383 , 3.15044462]), 1.1634820324728967, -1.664470266169492, -0.4289208859076623]
[array([0.37666555, 3.28087706]), 1.0834105151816016, -2.0577410958809446, -0.5089924031989574]
[array([0.44313598, 3.4113095 ]), 1.0993001672246834, -2.0812586835895277, -0.49310275115587565]
[array([0.52068481, 3.55177521]), 1.0804452007824634, -2.243804797431229, -0.5119577175980956]
[array([0.59823365, 3.68220765]), 1.0533903284485233, -2.453390983211164, -0.5390125899320357]
[array([0.66470407, 3.82267336]), 1.119660131080898, -2.2626283668487672, -0.472742787299661]
[array([0.7311745, 3.9531058]), 1.1065881385822363, -2.3893422392137738, -0.48581477979832277]
[array([0.79764492, 4.09357151]), 1.1288382940183606, -2.3739206992768103, -0.4635646243621985]
[array([0.84195852, 4.22400395]), 1.163896897236096, -2.3010516601515807, -0.4285060211444631]
[array([0.89735052, 4.36446966]), 1.1948244806472859, -2.243232692380871, -0.39757843773327317]
[array([0.95274253, 4.50493537]), 1.1868732841739749, -2.335143216150903, -0.40552963420658417]
[array([1.00813453, 4.64540108]), 1.214366757748941, -2.2920554054892035, -0.37803616063161805]
[array([1.09676171, 4.92633249]), 1.2572023735806377, -2.242864520295606, -0.33520054479992134]
[array([1.12999689, 5.0667982 ]), 1.2609045659899685, -2.2671296154949943, -0.33149835239059056]
[array([1.16323207, 5.20726391]), 1.3222129211576978, -2.092379803757923, -0.2701899972228612]
[array([1.19646724, 5.35776288]), 1.3215620878796295, -2.138430947836891, -0.27084083050092955]
[array([1.22970241, 5.50826185]), 1.3401339619171764, -2.1118063022290228, -0.25226895646338265]
[array([1.25185916, 5.65876081]), 1.3999826982314636, -1.9429381394353475, -0.19242022014909543]
[array([1.27401592, 5.79922652]), 1.410283456943809, -1.9327865370253718, -0.18211946143675006]
[array([1.29617267, 5.95975875]), 1.4109047941575188, -1.9544457267942144, -0.18149812422304024]
[array([1.30725102, 6.11025771]), 1.4598902521415422, -1.8255792711316545, -0.1325126662390168]
[array([1.31832936, 6.26075668]), 1.455549967357683, -1.8508513558455264, -0.13685295102287598]
[array([1.3404861 , 6.41125564]), 1.4687207454920082, -1.8329434402640814, -0.12368217288855088]
[array([1.34048603, 6.5617546 ]), 1.500315917342086, -1.740763778511302, -0.09208700103847312]
[array([1.35156428, 6.87278579]), 1.5262855439471348, -1.6871596150658419, -0.06611737443342425]
[array([1.3515642 , 7.02328475]), 1.536284709764736, -1.6585149378840545, -0.05611820861582295]
[array([1.34048571, 7.1737837 ]), 1.5951703733977727, -1.483098819688777, 0.002767455017213649]
[array([1.32940723, 7.31424939]), 1.6075328895554992, -1.4482498675057838, 0.015129971174940193]
[array([1.32940714, 7.46474835]), 1.6128062273574741, -1.4340077161789935, 0.020403308976915113]
[array([1.30725024, 7.6152473 ]), 1.6509969984508386, -1.3088560070395174, 0.05859408007027955]
[array([1.29617174, 7.75571298]), 1.6752741792802295, -1.2331816300862406, 0.08287126089967045]
[array([1.27401483, 7.91624519]), 1.686983418698934, -1.1897136100295447, 0.09458050031837506]
[array([1.24077951, 8.05671087]), 1.7186143697986778, -1.0728011262204278, 0.12621145141811874]
[array([1.2186226 , 8.20720981]), 1.728062884237274, -1.0262333899023168, 0.13565996585671503]
[array([1.19646568, 8.35770875]), 1.7191313363231189, -1.0375794607257178, 0.12672841794255985]
[array([1.16323036, 8.50820769]), 1.7832158121990707, -0.835816123769141, 0.19081289381851163]
[array([1.11891662, 8.65870662]), 1.806120640637619, -0.7312727806277507, 0.21371772225705987]
[array([1.08568129, 8.80920555]), 1.798726378728619, -0.7270201750372894, 0.20632346034805993]
[array([1.04136755, 8.94967122]), 1.8353165083649794, -0.5849065170169823, 0.24291358998442036]
[array([0.99705381, 9.10017014]), 1.854654058345376, -0.4886473235343651, 0.2622511399648171]
[array([0.94166166, 9.24063579]), 1.8889501272129148, -0.34067208392350296, 0.29654720883235575]
[array([0.89734792, 9.38110145]), 1.8844506684012734, -0.31445907625660335, 0.29204775002071437]
[array([0.85303418, 9.52156711]), 1.900943157167994, -0.22352942804508505, 0.308540238787435]
[array([0.78656361, 9.66203275]), 1.9495627941407998, -0.019248267454704916, 0.3571598757602408]
[array([0.74224987, 9.80249841]), 1.9244916630346771, -0.053405870318299416, 0.3320887446541181]
[array([ 0.60930874, 10.07339642]), 2.0164120460848363, 0.34256878660844037, 0.42400912770427723]
[array([ 0.54283817, 10.21386206]), 2.025352320645252, 0.4445065521666653, 0.4329494022646929]
[array([ 0.46528919, 10.34429442]), 2.034989679708915, 0.5583550107262237, 0.44258676132835584]
[array([ 0.38774022, 10.47472678]), 2.084502052594116, 0.7931994200715005, 0.4920991342135568]
[array([ 0.29911283, 10.60515913]), 2.116933237155899, 1.0001324020574915, 0.5245303187753398]
[array([ 0.22156385, 10.74562475]), 2.1124555949599073, 1.0659425697599911, 0.5200526765793483]
[array([ 0.14401487, 10.86602384]), 2.144574016519733, 1.2685318246529529, 0.5521710981391741]
[array([ 0.04430907, 10.99645618]), 2.170463357979191, 1.47599575765983, 0.578060439598632]
[array([-0.04431831, 11.11685526]), 2.1907943493698223, 1.656524032433303, 0.5983914309892633]
[array([-0.1329457, 11.2472876]), 2.1794699550511827, 1.7202976065667104, 0.5870670366706237]
[array([-0.2215731 , 11.37771994]), 2.1673114678830143, 1.768052582673755, 0.5749085495024553]
[array([-0.28804368, 11.51818556]), 2.0774057183884316, 1.50621835348763, 0.48500280000787255]
[array([-0.34343586, 11.65865119]), 2.039204475319556, 1.434614754869015, 0.4468015569389969]
[array([-0.39882804, 11.80915008]), 1.9926031370937558, 1.3332490429666644, 0.4002002187131968]
[array([-0.44314182, 11.95964898]), 1.9243801364954745, 1.1578955084728693, 0.33197721811491543]
[array([-0.4874556 , 12.11014788]), 1.8850805577283183, 1.0709348936342817, 0.29267763934775926]
[array([-0.52069097, 12.26064679]), 1.8330915626345372, 0.9437442082290017, 0.24068864425397818]
[array([-0.54284793, 12.4111457 ]), 1.7608951454611654, 0.7511068138186596, 0.1684922270806064]
[array([-0.55392649, 12.57167789]), 1.706231956887479, 0.6051153635735879, 0.11382903850692005]
[array([-0.55392664, 12.72217683]), 1.6650804092510312, 0.4782868375245939, 0.07267749087047215]
[array([-0.56500519, 12.87267576]), 1.6443383928215551, 0.43067929198556837, 0.05193547444099611]
[array([-0.55392709, 13.1837069 ]), 1.5807893839601146, 0.2218006009479484, -0.18083245747322296]
[array([-0.53177042, 13.33420586]), 1.4852127106599524, -0.09604735461099802, -0.27640913077338514]
[array([-0.48745693, 13.48470485]), 1.4169862194031675, -0.3631315779225239, -0.34463562203017006]
[array([-0.46530026, 13.63520381]), 1.3990119461015036, -0.46610559756689823, -0.36260989533183396]
[array([-0.43206519, 13.78570278]), 1.3525575645987222, -0.676721779163792, -0.4090642768346153]
[array([-0.37667329, 13.93620178]), 1.2979291080771502, -0.9383022708133056, -0.4636927333561873]
[array([-0.32128139, 14.07666751]), 1.2350209841170419, -1.2437582294934066, -0.5266008573162957]
[array([-0.25481108, 14.21713326]), 1.186004459272332, -1.531234252976342, -0.5756173821610056]
[array([-0.17726235, 14.35759902]), 1.1048969145370537, -1.9819960412539324, -0.6567249268962838]
[array([-0.08863521, 14.48803154]), 1.0652397178061632, -2.3075805654411132, -0.6963821236271743]
[array([-0.02216489, 14.61846403]), 1.0599806917040544, -2.4490704285827802, -0.7016411497292832]
[array([ 0.06646223, 14.75892981]), 1.0241735167701387, -2.777675821048779, -0.7374483246631989]
[array([ 0.16616779, 14.87932907]), 0.9754289142228895, -3.221162420404379, -0.7861929272104481]
[array([ 0.23263811, 15.00976157]), 1.0175503413246705, -3.094385940056348, -0.7440715001086671]
[array([ 0.32126523, 15.15022735]), 1.0040905366662156, -3.3371794847853042, -0.7575313047671219]
[array([ 0.39881396, 15.2706266 ]), 1.013126280736715, -3.4188123290946986, -0.7484955606966226]
[array([ 0.47636269, 15.40105911]), 1.0453098030776407, -3.3629282820388715, -0.7163120383556969]
[array([ 0.55391139, 15.54152489]), 1.055130770778612, -3.4436239013894503, -0.7064910706547256]
[array([ 0.60930328, 15.68199064]), 1.0953892334368143, -3.32297551609865, -0.6662326079965233]
[array([ 0.686852  , 15.81242316]), 1.1195023533165172, -3.320618792096894, -0.6421194881168204]
[array([ 0.73116547, 15.9528889 ]), 1.152362714341366, -3.2404432914404007, -0.6092591270919716]
[array([ 0.80871417, 16.09335468]), 1.1232483534900726, -3.517374049084797, -0.638373487943265]
[array([ 0.90841952, 16.37428618]), 1.2097343048482976, -3.2618269931865074, -0.55188753658504]
[array([ 0.96381139, 16.52478521]), 1.209520676547853, -3.362084165620448, -0.5521011648854846]
[array([ 1.00812487, 16.65521769]), 1.229230679790625, -3.3443537382948407, -0.5323911616427126]
[array([ 1.05243832, 16.8057167 ]), 1.2427524436375261, -3.366905284895736, -0.5188693977958114]
[array([ 1.09675178, 16.94618245]), 1.2644313528094733, -3.3424710555595407, -0.4971904886238643]
[array([ 1.12998682, 17.09668145]), 1.2982170874037284, -3.2583595333717077, -0.4634047540296091]
[array([ 1.16322185, 17.24718045]), 1.336569126919978, -3.165831567972167, -0.4250527145133596]
[array([ 1.1964569 , 17.38764618]), 1.3460930395822606, -3.1865078667840225, -0.415528801851077]
[array([ 1.22969195, 17.52811192]), 1.3258021907644242, -3.3738744304002926, -0.6803189221015091]
[array([ 1.25184857, 17.67861091]), 1.3922756733205062, -3.125281406109465, -0.6138454395454271]
[array([ 1.27400519, 17.8291099 ]), 1.385712362668382, -3.2609748100309623, -0.6204087501975513]
[array([ 1.30724021, 17.9796089 ]), 1.3749087745985367, -3.4350164212092, -0.6312123382673966]
[array([ 1.31831821, 18.28060683]), 1.4561795076188773, -3.197460748945894, -0.549941605247056]
[array([ 1.34047481, 18.44113909]), 1.454806108030483, -3.3038473131480712, -0.5513150048354503]
[array([ 1.3404746 , 18.59163805]), 1.5033257376371496, -3.1552129136215648, -0.5027953752287837]
[array([ 1.34047437, 18.75217027]), 1.5410382885154679, -3.06448392903892, -0.46508282435046544]
[array([ 1.34047416, 18.90266923]), 1.5455654980622158, -3.1115916221828974, -0.46055561480371754]
[array([ 1.32939553, 19.05316817]), 1.5731156948378715, -3.0529493306251156, -0.4330054180280618]
[array([ 1.3183169 , 19.20366711]), 1.5977133181179282, -3.014630172088968, -0.40840779474800515]
[array([ 1.31831669, 19.35416607]), 1.5988510982573036, -3.071458260273688, -0.40727001460862966]
[array([ 1.30723805, 19.50466501]), 1.6258857247719203, -3.0189824410078727, -0.380235388094013]
[array([ 1.2740026 , 19.65516392]), 1.6820638591363382, -2.843153412036229, -0.32405725372959515]
[array([ 1.26292397, 19.80566286]), 1.6651751806294153, -2.964506886872033, -0.34094593223651803]
[array([ 1.24076692, 19.95616179]), 1.694016746518621, -2.900894353627774, -0.3121043663473122]
[array([ 1.21860987, 20.10666071]), 1.7089651424961017, -2.8935261431477937, -0.29715597036983166]
[array([ 1.18537442, 20.24712635]), 1.7453940037095779, -2.7849866168900355, -0.26072710915635544]
[array([ 1.16321737, 20.39762528]), 1.748437683392131, -2.827231145462363, -0.2576834294738024]
[array([ 1.12998192, 20.53809092]), 1.7534453820819533, -2.831680535399914, -0.25267573078398]
[array([ 1.06351101, 20.82905546]), 1.8126685923923256, -2.69668911076097, -0.19345252047360773]
[array([ 1.01919714, 20.96952108]), 1.8293117030734933, -2.665932924731122, -0.17680940979243998]
[array([ 0.97488328, 21.10998671]), 1.844947584243335, -2.6315788429105393, -0.16117352862259837]
[array([ 0.93056941, 21.25045233]), 1.8632248467031445, -2.5879365581061418, -0.14289626616278883]
[array([ 0.88625554, 21.39091794]), 1.863689802415876, -2.6142541673393116, -0.1424313104500574]
[array([ 0.83086327, 21.53138354]), 1.9158671185359473, -2.454208110450843, -0.09025399432998604]
[array([ 0.77547098, 21.67184914]), 1.9201182169950295, -2.4536922460258377, -0.08600289587090382]
[array([ 0.73115711, 21.81231476]), 1.9303791822004297, -2.441129393629401, -0.07574193066550361]
[array([ 0.66468642, 21.95278034]), 1.9839189023346078, -2.29095862775958, -0.02220221053132554]
[array([ 0.59821572, 22.09324591]), 1.9762609211756321, -2.307726743288228, -0.029860191690301185]
[array([ 0.52066663, 22.22367821]), 2.014494278302745, -2.1869704367870093, 0.008373165436811547]
[array([ 0.44311752, 22.36414376]), 2.0579927701843492, -2.059457136690615, 0.05187165731841592]
[array([ 0.37664682, 22.50460933]), 2.0583756954222365, -2.0528890940155127, 0.05225458255630322]
[array([ 0.28801931, 22.6350416 ]), 2.0770147646359853, -1.976820832770784, 0.07089365177005202]
[array([ 0.21047023, 22.75544063]), 2.1052692017648207, -1.8856941469744484, 0.09914808889888738]
[array([ 0.12184273, 22.8858729 ]), 2.131002336256225, -1.7969058362865038, 0.12488122339029184]
[array([-0.04433388, 23.14673744]), 2.163096323206523, -1.6772500581955168, 0.13529383463914035]
[array([-0.14403979, 23.26713642]), 2.1861264662853634, -1.5781149291360508, 0.158323977717981]
[array([-0.23266728, 23.38753542]), 2.210621638738328, -1.4906297281462297, 0.18281915017094574]
[array([-0.33237319, 23.50793439]), 2.224893370564811, -1.4194918281414768, 0.19709088199742864]
[array([-0.4320791 , 23.62833337]), 2.2546699093343108, -1.3041548858911838, 0.22686742076692834]
[array([-0.53178499, 23.73869908]), 2.2772806497938975, -1.21098712635938, 0.24947816122651512]
[array([-0.6314909 , 23.85909805]), 2.288123856837762, -1.1444961384761339, 0.26032136827037977]
[array([-0.74227519, 23.95943047]), 2.3158197886059595, -1.0232468895382318, 0.28801730003857706]
[array([-0.84198108, 24.06979618]), 2.330413184613585, -0.9402448057595407, 0.3026106960462025]
[array([-0.95276539, 24.18016186]), 2.336917503136992, -0.8721877268189104, 0.30911501456960977]
[array([-1.06354969, 24.29052754]), 2.374303328379337, -0.7254176485239467, 0.34650083981195445]
[array([-1.18541239, 24.39085994]), 2.3917691872698947, -0.6055255513067095, 0.3639666987025123]
[array([-1.2961967 , 24.50122561]), 2.407369987321771, -0.5128240407870039, 0.37956749875438867]
[array([-1.4180594 , 24.60155801]), 2.423989885123887, -0.4016874551911304, 0.39618739655650437]
[array([-1.6728632, 24.7921895]), 2.4802017043428686, -0.08776881403659215, 0.45239921577548614]
[array([-1.79472588, 24.88248863]), 2.496057147932611, 0.02931656895026142, 0.4682546593652286]
[array([-1.91658856, 24.97278775]), 2.517238289201889, 0.16696537568606912, 0.48943580063450653]
[array([-2.04952964, 25.05305359]), 2.5370875697189703, 0.32583073388118616, 0.5092850811515879]
[array([-2.18247072, 25.13331943]), 2.552782443017529, 0.45953862312141835, 0.5249799544501466]
[array([-2.31541178, 25.20355201]), 2.6067991616362773, 0.7425536504920867, 0.5789966730688949]
[array([-2.44835286, 25.28381784]), 2.6002883853946375, 0.8200431209369932, 0.572485896827255]
[array([-2.59237233, 25.35405039]), 2.6244872009406137, 1.0129849146796028, 0.5966847123732313]
[array([-2.73639178, 25.41424968]), 2.6933791862411844, 1.3972559996529308, 0.665576697673802]
[array([-2.86933282, 25.47444899]), 2.7103921321908495, 1.5802859274698355, 0.6825896436234671]
[array([-3.01335229, 25.54468154]), 2.689541207216049, 1.6351571494289272, 0.8939508917897032]
[array([-3.15737172, 25.59484756]), 2.744642124366136, 2.134665152828251, 0.9490518089397901]
[array([-3.29031276, 25.65504687]), 2.7290523198885466, 2.238008213115561, 0.9334620044622008]
[array([-3.42325383, 25.72527943]), 2.696991494194037, 2.245970831490577, 0.9014011787676912]
[array([-3.55619491, 25.80554526]), 2.648774679212591, 2.1583331404688417, 0.8531843637862453]
[array([-3.68913599, 25.88581108]), 2.6318188055294662, 2.2433714297786196, 0.8362284901031205]
[array([-3.79992027, 25.9761102 ]), 2.5569108448301963, 1.9899420114867494, 0.7613205294038505]
[array([-4.03256727, 26.16674168]), 2.4698491093517387, 1.8444048495372467, 0.674258793925393]
[array([-4.13227318, 26.27710734]), 2.4375242153414023, 1.804943573801388, 0.6419338999150566]
[array([-4.23197909, 26.387473  ]), 2.365866406775196, 1.6069793787418705, 0.5702760913488505]
[array([-4.32060662, 26.50787194]), 2.297067622056682, 1.4242393532050446, 0.5014773066303362]
[array([-4.42031255, 26.62827085]), 2.2770364782315435, 1.4340890727728286, 0.4814461628051978]
[array([-4.50894008, 26.74866979]), 2.251685919912176, 1.414883220883547, 0.4560956044858302]
[array([-4.59756763, 26.87910198]), 2.2058485122999745, 1.3231763488254205, 0.41025819687362874]
[array([-4.66403836, 27.00953422]), 2.160714472376326, 1.2043257444766142, 0.36512415694998035]
[array([-4.7415875 , 27.13996643]), 2.0916460342883787, 1.0430622224620847, 0.29605571886203297]
[array([-4.79697984, 27.28043195]), 2.0484699047196178, 0.9306667687531132, 0.25287958929327203]
[array([-4.84129377, 27.42089749]), 1.9731486500534756, 0.7172760851504248, 0.1775583346271299]
[array([-4.89668613, 27.57139626]), 1.9598082259158573, 0.703429734954287, 0.16421791048951162]
[array([-4.92992168, 27.72189508]), 1.8887818774730227, 0.4948252794377856, 0.093191562046677]
[array([-4.99639278, 28.02289271]), 1.7832182556600233, 0.1965242500784693, -0.012372059766322385]
[array([-5.00747149, 28.16335832]), 1.7216976684552514, 0.005669114757808093, -0.07389264697109432]
[array([-5.01855024, 28.32389044]), 1.6973197821280206, -0.08149198602713753, -0.09827053329832514]
[array([-5.01855056, 28.47438932]), 1.6220805579367217, -0.3295945919449988, -0.17350975748962405]
[array([-4.99639404, 28.614855  ]), 1.5437472140474884, -0.6090078120493501, -0.25184310137885735]
[array([-5.0074728 , 28.77538712]), 1.5902693143252469, -0.498419409373164, -0.20532100110109885]
[array([-4.98531633, 28.93591932]), 1.5130437309122542, -0.7866565111763727, -0.28254658451409154]
[array([-4.95208145, 29.09645153]), 1.4406678938917774, -1.07740800350201, -0.28188013878065]
[array([-4.91884655, 29.2469505 ]), 1.4055583270598844, -1.244749460656139, -0.316989705612543]
[array([-4.88561168, 29.40748272]), 1.3674710539911628, -1.4255109603774414, -0.35507697868126464]
[array([-4.81914157, 29.56801501]), 1.2812165332917533, -1.8198839056405351, -0.44133149938067406]
[array([-4.76374983, 29.70848077]), 1.2581961640567232, -1.989063744413829, -0.4643518686157042]
[array([-4.69727971, 29.8589798 ]), 1.1919406731242155, -2.356658747255427, -0.5306073595482119]
[array([-4.63080956, 29.99944559]), 1.1664703852181615, -2.5675784847037857, -0.5560776474542659]
[array([-4.57541785, 30.1499446 ]), 1.1811774021600916, -2.596049090204535, -0.5413706305123358]
[array([-4.52002612, 30.29041036]), 1.203953599832767, -2.5785317538278405, -0.5185944328396603]
[array([-4.45355601, 30.44090941]), 1.1705425874289144, -2.8315734956952205, -0.552005445243513]
[array([-4.36492939, 30.73187414]), 1.2571013190169473, -2.6097743568908354, -0.46544671365548007]
[array([-4.30953769, 30.88237316]), 1.2313468915086687, -2.8068659351355545, -0.4912011411637587]
[array([-4.27630279, 31.02283888]), 1.282029856723182, -2.6541944513682103, -0.44051817594924536]
[array([-4.24306793, 31.18337111]), 1.333937519473821, -2.520318119248701, -0.3886105131986064]
[array([-4.20983306, 31.33387008]), 1.326954108070741, -2.598471967167724, -0.3955939246016864]
[array([-4.1876766 , 31.48436903]), 1.362823242193102, -2.5098472011312563, -0.3597247904793255]
[array([-4.16552013, 31.63486798]), 1.3986428089647074, -2.4266684516156247, -0.32390522370772]
[array([-4.14336367, 31.78536693]), 1.3927833895999113, -2.4977072037335373, -0.3297646430725161]
[array([-4.12120721, 31.93586588]), 1.4107506815845678, -2.48418286862626, -0.31179735108785955]
[array([-4.09905076, 32.08636483]), 1.4300072482876716, -2.454870130669425, -0.29254078438475584]
[array([-4.09905112, 32.23686373]), 1.4800781265335101, -2.311868170305034, -0.24246990613891728]
[array([-4.08797308, 32.38736265]), 1.4837834605354945, -2.3324816014198038, -0.23876457213693292]
[array([-4.07689504, 32.53786157]), 1.513401872474763, -2.266119560511568, -0.2091461601976643]
[array([-4.07689541, 32.68836047]), 1.5289504871820052, -2.2413771257594814, -0.19359754549042218]
[array([-4.07689578, 32.83885937]), 1.5576026848473705, -2.170008416738681, -0.16494534782505688]
[array([-4.07689616, 32.98935827]), 1.552583117918635, -2.2141153135229557, -0.1699649147537925]
[array([-4.09905373, 33.29035601]), 1.607600084731701, -2.0701428091355116, -0.11494794794072649]
[array([-4.09905411, 33.4408549 ]), 1.6236461182757604, -2.036902790859056, -0.09890191439666696]
[array([-4.12121131, 33.59135374]), 1.6669109105705233, -1.9103610985641069, 0.2364570876571661]
[array([-4.14336852, 33.74185258]), 1.676101116279824, -1.844914240659751, 0.24564729336646685]
[array([-4.15444731, 33.89235145]), 1.6737974562001172, -1.8194149922541256, 0.24334363328676]
[array([-4.18768293, 34.04285026]), 1.7343949387635094, -1.6214615819867917, 0.30394111585015215]
[array([-4.20984014, 34.1933491 ]), 1.7271975499941354, -1.596735232362101, 0.29674372708077823]
[array([-4.24307576, 34.34384791]), 1.736024203620247, -1.5197181492892793, 0.3055703807068897]
[array([-4.27631138, 34.49434672]), 1.7787044851485163, -1.3599459697048355, 0.3482506622351591]
[array([-4.30954698, 34.63481227]), 1.776851992680449, -1.3089760959032866, 0.3463981697670917]
[array([-4.34278261, 34.78531107]), 1.8129155564814832, -1.1755598854330647, 0.38246173356812596]
[array([-4.37601821, 34.92577662]), 1.8207986851139657, -1.089996653164819, 0.3903448622006085]
[array([-4.42033225, 35.0762754 ]), 1.828748136258024, -1.0032517654867512, 0.3982943133446668]
[array([-4.47572467, 35.21674088]), 1.8765462467519163, -0.8160096734867472, 0.44609242383855907]
[array([-4.58650953, 35.49767185]), 1.909585329492169, -0.5625057130823984, 0.47913150657881176]
[array([-4.64190196, 35.63813734]), 1.9241087377967896, -0.44462095364996906, 0.4936549148834324]
[array([-4.69729439, 35.77860282]), 1.9559877001832415, -0.27865783835000413, 0.5255338772698843]
[array([-4.76376523, 35.91906827]), 1.9770138562149424, -0.11595536100854478, 0.5465600333015852]
[array([-4.81915764, 36.04950049]), 1.982308137967942, -0.020261970400150778, 0.5518543150545847]
[array([-4.8967069 , 36.18996591]), 2.010225202952367, 0.17578569941842442, 0.5797713800390099]
[array([-4.96317772, 36.32039809]), 2.0397994580615606, 0.3574348237864494, 0.6093456351482034]
[array([-5.04072695, 36.45083025]), 2.0445464045611343, 0.49349298375920175, 0.8823000527597038]
[array([-5.11827618, 36.5812624 ]), 2.0987113016333767, 0.89794147605808, 0.9364649498319462]
[array([-5.20690383, 36.71169452]), 2.1161139796050126, 1.2020105824789686, 0.953867627803582]
[array([-5.29553145, 36.83209338]), 2.147768318116733, 1.5759804825843475, 0.9855219663153025]
[array([-5.37308068, 36.96252553]), 2.13969686845796, 1.7567285040028957, 0.9774505166565295]
[array([-5.45062992, 37.09295768]), 2.1524046107417307, 2.0529878573333273, 0.9901582589403002]
[array([-5.61680678, 37.34378868]), 2.1475642891271747, 2.4768956868032457, 0.9853179373257441]
[array([-5.68327764, 37.48425411]), 2.0932257317943592, 2.3417221062952147, 0.9309793799929287]
[array([-5.76082691, 37.62471951]), 2.07688369040916, 2.4578295500890506, 0.9146373386077296]
[array([-5.81621937, 37.76518497]), 2.003513713846748, 2.2169631330929986, 0.8412673620453173]
[array([-5.87161182, 37.90565044]), 1.9743902772833446, 2.2199909459958613, 0.812143925481914]
[array([-5.9159259 , 38.05614918]), 1.8998736194023722, 2.0004990910125517, 0.7376272676009417]
[array([-5.94916156, 38.20664796]), 1.8759901848522311, 1.9973159791533501, 0.5093381201679619]
[array([-5.98239723, 38.35714674]), 1.8210062047620277, 1.8584273676674135, 0.45435414007775843]
[array([-6.00455449, 38.50764555]), 1.763711757808034, 1.7085270041577516, 0.39705969312376466]
[array([-6.01563333, 38.6581444 ]), 1.704932035660594, 1.5611745066287597, 0.3382799709763247]
[array([-6.01563378, 38.80864327]), 1.6566183549056623, 1.4291079994607336, 0.2899662902213931]
[array([-6.01563422, 38.95914215]), 1.6263635959211162, 1.3720912124422426, 0.259711531236847]
[array([-6.00455625, 39.10964106]), 1.5356577874974193, 1.1075407263850552, 0.16900572281315007]
[array([-5.96024353, 39.4206722 ]), 1.4616258075497257, 0.913306671866205, 0.09497374286545646]
[array([-5.93808716, 39.57117114]), 1.418183166204185, 0.8042986300559276, 0.0515311015199158]
[array([-5.90485238, 39.72167011]), 1.3907797516186227, 0.7183746425708112, 0.02412768693435341]
[array([-5.83838237, 39.87216919]), 1.3090965972960353, 0.4642522857644046, -0.057555467388233916]
[array([-5.79406918, 40.0226682 ]), 1.2717626083324756, 0.33991622703986185, -0.09488945635179369]
[array([-5.73867755, 40.16313399]), 1.2298663287042018, 0.20279096368041416, -0.1367857359800675]
[array([-5.66112908, 40.29356659]), 1.1431124693057966, -0.08981513981174014, -0.22353959537847268]
[array([-5.58358063, 40.43403244]), 1.1121705741947396, -0.22256773434036767, -0.2544814904895296]
[array([-5.50603216, 40.56446505]), 1.0628088232239858, -0.4204620328111391, -0.3038432414602834]
[array([-5.40632683, 40.68486446]), 0.9951108176647049, -0.7011282781116751, -0.37154124701956437]
[array([-5.31769995, 40.81529709]), 0.9701578453489414, -0.8384506832107818, -0.3964942193353278]
[array([-5.21799466, 40.94572977]), 0.9671347605515623, -0.9241270120991557, -0.3995173041327069]
[array([-5.09613246, 41.04606274]), 0.8433750340889712, -1.4518384690964652, -0.5232770305952981]
[array([-4.98534872, 41.16646219]), 0.8343757673998378, -1.5827261413685012, -0.5322762972844315]
[array([-4.74162435, 41.37716139]), 0.7199338302148692, -2.5144289673721874, -0.8757936371247732]
[array([-4.60868374, 41.4774944 ]), 0.6954130014219, -2.88044210387161, -0.9003144659177424]
[array([-4.49789995, 41.57782734]), 0.6963776448994773, -3.048297682572591, -0.8993498224401651]
[array([-4.3538809 , 41.66812713]), 0.6389416517431471, -3.717880546865739, -0.9567858155964953]
[array([-4.24309711, 41.76846008]), 0.6716573249730048, -3.6545194284182316, -0.9240701423666376]
[array([-4.12123491, 41.86879306]), 0.6723125215742041, -3.8456887908043464, -0.9234149457654384]
[array([-4.01045116, 41.97915927]), 0.712537648443693, -3.733732138836466, -0.8831898188959494]
[array([-3.8996674 , 42.08952548]), 0.758186560496679, -3.57775967868409, -0.8375409068429635]
[array([-3.78888362, 42.18985843]), 0.7803653319663972, -3.607035814507301, -0.8153621353732452]
[array([-3.60055138, 42.42062402]), 0.8212355325274228, -3.6140915190310428, -0.7744919348122197]
[array([-3.48976766, 42.5410235 ]), 0.8333629528349059, -3.696110976686882, -0.7623645145047365]
[array([-3.40114076, 42.66142291]), 0.8535073685284987, -3.699421385584337, -0.7422200988111437]
[array([-3.31251387, 42.78182232]), 0.8794173048731303, -3.6622365092276534, -0.7163101624665121]
[array([-3.21280856, 42.90222176]), 0.8947847544040153, -3.702839256074931, -0.7009427129356272]
[array([-3.13526011, 43.0326544 ]), 0.9553735103211478, -3.463592056161979, -0.6403539570184946]
[array([-3.04663322, 43.15305382]), 0.9394705937757516, -3.697279316132255, -0.7690702179156551]
[array([-2.96908478, 43.28348646]), 0.9767134765523573, -3.5936231754138426, -0.7318273351390494]
[array([-2.89153633, 43.4139191 ]), 1.005380509516364, -3.5486063640868943, -0.7031603021750428]
[array([-2.81398788, 43.54435175]), 1.0084027216491183, -3.6544874860327234, -0.7001380900422884]
[array([-2.72536106, 43.68481769]), 1.0088332943755844, -3.790718212200047, -0.6997075173158223]
[array([-2.66996944, 43.81525026]), 1.0441868582369074, -3.6859693309072874, -0.6643539534544993]
[array([-2.592421  , 43.94568291]), 1.0554602889413889, -3.735307832597926, -0.6530805227500178]
[array([-2.52595097, 44.07611553]), 1.069950361457296, -3.760594561613273, -0.6385904502341107]
[array([-2.47055942, 44.22661463]), 1.1149491383639147, -3.6108339691822944, -0.593591673327492]
[array([-2.4040894 , 44.35704724]), 1.1048834755018135, -3.7650315681260684, -0.6036573361895932]
[array([-2.29330624, 44.63797893]), 1.1699413215016026, -3.609293877426012, -0.5385994901898041]
[array([-2.23791463, 44.76841151]), 1.1962144608635739, -3.566328115990392, -0.5123263508278328]
[array([-2.19360146, 44.90887732]), 1.2013338606255235, -3.6154701607864475, -0.5072069510658832]
[array([-2.13820988, 45.04934316]), 1.220267541417009, -3.6062106411468973, -0.4882732702743977]
[array([-2.10497513, 45.18980893]), 1.2663281766405405, -3.4579171265484336, -0.44221263505086617]
[array([-2.06066197, 45.33027474]), 1.259501321271365, -3.5532228294048562, -0.44903949042004165]
[array([-2.02742726, 45.48077378]), 1.2841752154397337, -3.502134711122652, -0.424365596251673]
[array([-1.99419251, 45.62123955]), 1.3203565889652769, -3.411214558002982, -0.38818422272612985]
[array([-1.96095776, 45.76170533]), 1.3192551116743434, -3.470696723006167, -0.3892857000170633]
[array([-1.92772305, 45.91220436]), 1.3352000906547135, -3.4561513780083484, -0.37334072103669325]
[array([-1.90556672, 46.0526701 ]), 1.400518688844751, -3.2420901180288157, -0.30802212284665575]
[array([-1.88341042, 46.2031691 ]), 1.3979361251505742, -3.2941360670729933, -0.3106046865408325]
[array([-1.85017572, 46.35366814]), 1.3841660009511154, -3.4053045052941706, -0.3243748107402913]
[array([-1.85017625, 46.50416706]), 1.4586894656161709, -3.15069774400067, -0.24985134607523585]
[array([-1.83909836, 46.65466602]), 1.478976998308427, -3.1090798424449244, -0.2295638133829796]
[array([-1.82802049, 46.80516498]), 1.4694684445435617, -3.179243210545908, -0.23907236714784497]
[array([-1.81694311, 47.09612961]), 1.517125357900968, -3.0667886358522187, -0.19141545379043867]
[array([-1.80586523, 47.24662857]), 1.5165860511621023, -3.0992926546548376, -0.19195476052930438]
[array([-1.81694418, 47.39712745]), 1.5603273183426591, -2.9623432203337856, -0.14821349334874756]
[array([-1.82802313, 47.54762634]), 1.5926502924908184, -2.8720084188853328, -0.11589051920058835]
[array([-1.82802371, 47.70815852]), 1.597081508928706, -2.8799467487952386, -0.11145930276270066]
[array([-1.83910266, 47.8586574 ]), 1.6267985319707132, -2.799547961632975, -0.08174227972069348]
[array([-1.85018162, 48.00915628]), 1.6444267064817064, -2.7527048054251297, -0.06411410520970029]
[array([-1.87233902, 48.16968839]), 1.6599568206988773, -2.7106487125927328, -0.04858399099252941]
[array([-1.89449639, 48.32018723]), 1.6961338309012906, -2.6087272261012133, -0.012406980790116151]
[array([-1.9166538 , 48.48071933]), 1.7019827782905732, -2.5916747477581703, -0.006558033400833496]
[array([-1.94988958, 48.63121813]), 1.7233227445217827, -2.51642494163035, 0.014781932830375988]
[array([-1.98312537, 48.78171693]), 1.7696697882755676, -2.3838192370339435, 0.06112897658416094]
[array([-2.01636119, 48.94224899]), 1.7600161976498618, -2.3939207556084865, 0.05147538595845513]
[array([-2.04959695, 49.08271453]), 1.786134526307181, -2.3107910279450117, 0.07759371461577436]
[array([-2.08283274, 49.23321332]), 1.7930205483379997, -2.281026236291944, 0.08447973664659303]
[array([-2.13822535, 49.38371204]), 1.8430202171503576, -2.122642300854764, 0.13447940545895087]
[array([-2.21577531, 49.67467632]), 1.851207033072687, -2.066772690060458, 0.14266622138128038]
[array([-2.2822463 , 49.81514173]), 1.912543138975524, -1.8637791385603353, 0.20400232728411738]
[array([-2.2822463 , 49.81514173]), 1.912543138975524, -1.8637791385603353, 0.20400232728411738]
[array([-2.40410988, 50.09607258]), 1.9460100019154405, -1.7048750185335093, 0.2374691902240338]
[array([-2.4595025 , 50.24657129]), 1.9589270091765254, -1.6400070926499395, 0.2503861974851187]
[array([-2.55920876, 50.39706982]), 2.010857884806215, -1.4337967566678913, 0.3023170731148084]
[array([-2.60352294, 50.53753531]), 1.9726589106653662, -1.4984864098511599, 0.26411809897395955]
[array([-2.64783701, 50.64790101]), 1.9443505428626444, -1.5321779787301986, 0.2358097311712377]
[array([-2.74754316, 50.76829976]), 2.1701219715775006, -0.9265575001749751, 0.46158115988609394]
[array([-2.80293575, 50.90876519]), 2.0712139883340566, -1.1119910565459372, 0.36267317664264986]
[array([-2.88048509, 51.02916402]), 2.0935929490689786, -0.9949491399827636, 0.38505213737757193]
[array([-2.94695602, 51.1495629 ]), 2.0778153471638747, -0.9788252830433302, 0.369274535472468]
[array([-3.09097601, 51.32012777]), 2.179610977654743, -0.5960743530432593, 0.4710701659633365]
[array([-3.1574471 , 51.48065968]), 2.0336234359704535, -0.917177814072562, 0.3250826242790468]
[array([-3.26823156, 51.57095859]), 2.132619732874048, -0.568629835575031, 0.42407892118264146]
[array([-3.33470257, 51.71142398]), 2.0918114915014683, -0.6116020773960704, 0.3832706798100616]
[array([-3.43440873, 51.83182271]), 2.1493694831725123, -0.3785651280440765, 0.4408286714811056]
[array([-3.53411482, 51.93215492]), 2.2626998201568864, 0.024695685769199595, 0.5541590084654797]
[array([-3.62274254, 52.04252044]), 2.2761334448765616, 0.1465218452163713, 0.5675926331851548]
[array([-3.72244863, 52.14285265]), 2.307356163464264, 0.3381214801713097, 0.5988153517728572]
[array([-3.81107627, 52.23315164]), 2.330908683588226, 0.5081762260785773, 0.6223678718968193]
[array([-3.89970395, 52.33348389]), 2.3340745363184188, 0.6078220076547877, 0.6255337246270121]
[array([-4.07695927, 52.52411512]), 2.3539496477084296, 0.858442666563875, 0.6454088360170229]
[array([-4.1988221 , 52.60438072]), 2.4706865183268456, 1.440185828681476, 0.7621457066354389]
[array([-4.29852812, 52.6846464 ]), 2.4683858253068665, 1.553647169310976, 0.7598450136154598]
[array([-4.39823417, 52.77494534]), 2.4603539946221145, 1.6371114805145173, 0.7518131829307078]
[array([-4.50901859, 52.85521097]), 2.467192892763129, 1.806322085659873, 0.7586520810717223]
[array([-4.58656751, 52.86524392]), 2.5585420295491104, 2.362253545532918, 0.8500012178577037]
