[array([-0.07754888,  0.26086483]), 1.6245840582157824, 0.168571046259671, 0.05904247606392987]
[array([-0.14401936,  0.86286057]), 1.6229856856868066, 0.23244928071366697, 0.057444103534953994]
[array([-0.14401937,  0.98325972]), 1.6180746782375448, 0.22506790326563758, 0.05253309608569223]
[array([-0.14401938,  1.10365887]), 1.6020635512785242, 0.2010370844043139, 0.036521969126671605]
[array([-0.1550978 ,  1.23409128]), 1.5925473180649508, 0.19782090318768064, 0.027005735913098183]
[array([-0.15509782,  1.35449043]), 1.603205520208104, 0.2237917128191547, 0.037663938056251345]
[array([-0.17725465,  1.48492284]), 1.6447276012447505, 0.30864675430780525, 0.07918601909289791]
[array([-0.16617626,  1.61535525]), 1.604421491097969, 0.236668243626471, 0.03887990894611648]
[array([-0.17725468,  1.75582092]), 1.5948808232748668, 0.2334235438379651, 0.029339241123014226]
[array([-0.1772547 ,  1.87622007]), 1.5851977365848022, 0.21889144905902275, 0.019656154432949657]
[array([-0.16617631,  2.01668575]), 1.5757610903851191, 0.19365210518314277, 0.010219508233266561]
[array([-0.16617633,  2.14711816]), 1.5437405817963308, 0.1457457855226368, -0.021801000355521793]
[array([-0.14401953,  2.28758384]), 1.4866026908762404, 0.03794622114342482, -0.07893889127561216]
[array([-0.13294115,  2.42804951]), 1.4940655442248432, 0.038131627642018516, -0.0714760379270094]
[array([-0.12186276,  2.56851519]), 1.4894645072507358, 0.020313302299360868, -0.07607707490111681]
[array([-0.07754915,  2.70898087]), 1.3539622055807266, -0.2298390117174254, -0.21157937657112602]
[array([-0.03323554,  2.84944656]), 1.3461440031964182, -0.2890866685777475, -0.21939757895543432]
[array([0.06647009, 3.13037793]), 1.2452967846210834, -0.5555610922302033, -0.3202447975307692]
[array([0.14401894, 3.2507771 ]), 1.1663963832578772, -0.7655418820449106, -0.3991451988939754]
[array([0.19941095, 3.39124279]), 1.1551784540236087, -0.8489553724270561, -0.4103631281282438]
[array([0.26588138, 3.52167523]), 1.1191012766544095, -0.9884521338065159, -0.44644030549744307]
[array([0.35450863, 3.65210767]), 1.0498483572645259, -1.236003368863608, -0.5156932248873267]
[array([0.44313588, 3.77250685]), 1.0207025804866976, -1.4068727409107218, -0.544839001665155]
[array([0.53176312, 3.90293929]), 0.9798325544585967, -1.6073619074461896, -0.5857090276932558]
[array([0.53176312, 3.90293929]), 0.9798325544585967, -1.6073619074461896, -0.5857090276932558]
[array([0.72009603, 4.14373766]), 0.9421871987564804, -1.9437116659206413, -0.6233543833953722]
[array([0.81980168, 4.26413685]), 0.9281200195183312, -2.102127538114711, -0.6374215626335213]
[array([0.91950734, 4.38453604]), 0.8885720803986166, -2.3506699934098285, -0.676969501753236]
[array([1.00813458, 4.51496849]), 0.9131396840155384, -2.383020545676653, -0.6524018981363142]
[array([1.09676181, 4.64540095]), 0.9593242376159622, -2.3432899659887747, -0.6062173445358904]
[array([1.18538906, 4.76580014]), 0.9512794914947453, -2.4794781316429226, -0.6142620906571072]
[array([1.35156511, 5.03669832]), 1.0066392409729028, -2.500319933999171, -0.5589023411789498]
[array([1.42911393, 5.16713077]), 1.0140965092678984, -2.570537376286722, -0.5514450728839542]
[array([1.50666275, 5.30759649]), 1.0439351817587692, -2.571289409251376, -0.5216064003930834]
[array([1.57313316, 5.44806221]), 1.080542415621799, -2.5400064689403803, -0.4849991665300535]
[array([1.63960356, 5.57849467]), 1.0751284042821125, -2.6301510816903693, -0.49041317786974004]
[array([1.71715238, 5.70892713]), 1.0871223069018179, -2.680411433592825, -0.4784192752500347]
[array([1.78362278, 5.84939286]), 1.1255539334319578, -2.6462787693402587, -0.4399876487198948]
[array([1.83901477, 5.98985858]), 1.1527093367308119, -2.6347898868461006, -0.4128322454210407]
[array([1.89440676, 6.1303243 ]), 1.1838310007548236, -2.6115626355490877, -0.38171058139702896]
[array([1.96087715, 6.28082329]), 1.1686133004737598, -2.7170885309708344, -0.3969282816780928]
[array([2.00519072, 6.42128901]), 1.223624507700295, -2.624063027441292, -0.3419170744515576]
[array([2.04950429, 6.57178799]), 1.2503592866494189, -2.6058731734692278, -0.3151822955024337]
[array([2.04950429, 6.57178799]), 1.2503592866494189, -2.6058731734692278, -0.3151822955024337]
[array([2.13813143, 6.86275269]), 1.2852800088562466, -2.6168244717384352, -0.28026157329560597]
[array([2.17136658, 7.01325167]), 1.322649253470697, -2.5689105402748447, -0.2428923286811555]
[array([2.21568014, 7.16375066]), 1.310681705322697, -2.6396816029400996, -0.2548598768291557]
[array([2.23783688, 7.31424964]), 1.3466065154481968, -2.585666694213056, -0.2189350667036558]
[array([2.24891521, 7.46474861]), 1.417142775437071, -2.45695628625689, -0.14839880671478167]
[array([2.28215035, 7.61524759]), 1.3989070518134588, -2.526767512325154, -0.16663453033839382]
[array([2.3153854, 7.9262788]), 1.4626134893734297, -2.441494765780949, -0.10292809277842285]
[array([2.33754213, 8.07677778]), 1.467497095153435, -2.455102314014647, -0.09804448699841761]
[array([2.34862044, 8.23731002]), 1.4661882727473643, -2.4690684028283316, -0.09935330940448828]
[array([2.34862035, 8.37777572]), 1.506017035343725, -2.4007542011429255, -0.059524546808127576]
[array([2.34862026, 8.52827468]), 1.5392920865988473, -2.346987914760728, -0.026249495553005264]
[array([2.35969857, 8.67877365]), 1.5213968767122987, -2.386447091949174, -0.044144705439553844]
[array([2.35969846, 8.83930588]), 1.5626547149001926, -2.322003405757309, -0.002886867251659986]
[array([2.34861995, 8.98980484]), 1.5955684830001524, -2.262244032963998, 0.030026900848299842]
[array([2.34861985, 9.14030381]), 1.5867751651627544, -2.26500782326439, 0.021233583010901835]
[array([2.33754133, 9.29080276]), 1.6165154010838132, -2.2112144845539103, 0.050973818931960624]
[array([2.304306  , 9.44130171]), 1.698087552465973, -2.070170985175516, 0.13254597031412052]
[array([2.29322747, 9.60183392]), 1.673908110074694, -2.0898059028483447, 0.1083665279228414]
[array([2.29322747, 9.60183392]), 1.673908110074694, -2.0898059028483447, 0.1083665279228414]
[array([2.2378352 , 9.89279855]), 1.7282756398730927, -1.9662709719049851, 0.16273405772124017]
[array([ 2.20459986, 10.04329749]), 1.758560418520773, -1.8984615060433774, 0.19301883636892048]
[array([ 2.17136451, 10.19379643]), 1.7822035212329141, -1.8385381911009584, 0.21666193908106157]
[array([ 2.12705076, 10.33426209]), 1.8111194381482556, -1.7611245382706782, 0.24557785599640303]
[array([ 2.082737  , 10.48476102]), 1.832363934869381, -1.6914035311043008, 0.2668223527175284]
[array([ 2.03842325, 10.62522668]), 1.8531902507017282, -1.6256501979343736, 0.2876486685498756]
[array([ 1.98303107, 10.7757256 ]), 1.872572655643901, -1.5465597772391018, 0.3070310734920485]
[array([ 1.92763891, 10.91619125]), 1.9163325978474541, -1.4443560205780748, 0.35079101569560156]
[array([ 1.87224674, 11.0566569 ]), 1.9052860599457313, -1.3955636350720504, 0.33974447779387873]
[array([ 1.81685456, 11.20715581]), 1.9346487811495834, -1.3098636892642523, 0.3691071989977308]
[array([ 1.75038398, 11.34762145]), 1.9853008540363366, -1.1878445290015265, 0.41975927188448403]
[array([ 1.60636441, 11.61851944]), 2.026034744382782, -0.9791561580466062, 0.4604931622309296]
[array([ 1.53989382, 11.75898508]), 2.043161660332603, -0.8853289734984388, 0.47762007818075025]
[array([ 1.46234483, 11.88941744]), 2.0617684409551886, -0.7797077139268687, 0.49622685880333606]
[array([ 1.38479584, 12.01984979]), 2.0897668382827566, -0.6555436532585089, 0.524225256130904]
[array([ 1.30724685, 12.15028215]), 2.1119049435809027, -0.5404064587369317, 0.5463633614290502]
[array([ 1.21861945, 12.28071449]), 2.1371191916856893, -0.40632432517902567, 0.5715776095338367]
[array([ 1.21861945, 12.28071449]), 2.1371191916856893, -0.40632432517902567, 0.5715776095338367]
[array([ 1.04136465, 12.52151265]), 2.181634337856581, -0.13700642493273987, 0.6160927557047282]
[array([ 0.95273726, 12.64191172]), 2.2028329324183784, 0.0085726293348602, 0.6372913502665258]
[array([ 0.85303145, 12.76231079]), 2.2226912886475696, 0.1587790024859946, 0.657149706495717]
[array([ 0.75332564, 12.88270985]), 2.2418679192709328, 0.32130333770990865, 0.6763263371190802]
[array([ 0.64254143, 12.99307563]), 2.306703584856943, 0.5945945357301168, 0.7411620027050905]
[array([ 0.54283561, 13.11347469]), 2.302986033550195, 0.7230674500277691, 0.7374444513983422]
[array([ 0.4320514 , 13.22384047]), 2.3197665016434947, 0.9106743295314894, 0.7542249194916422]
[array([ 0.32126719, 13.32417299]), 2.346190262919913, 1.133775133308235, 0.7806486807680604]
[array([ 0.22156139, 13.43453878]), 2.3500411573815136, 1.2805016848907782, 0.7844995752296611]
[array([ 0.12185558, 13.54490457]), 2.321328396791104, 1.3437432375835916, 0.7557868146392512]
[array([1.10713656e-02, 1.36552703e+01]), 2.3296504757304635, 1.5189042276432458, 0.7641088935786109]
[array([-0.07755604, 13.7756694 ]), 2.2849079131580377, 1.510385218792619, 0.7193663310061851]
[array([-0.15510504, 13.89606847]), 2.2478392142407806, 1.5076065517242068, 0.682297632088928]
[array([-0.31020306, 14.15693313]), 2.1650922817391036, 1.492362524515336, 0.599550699587251]
[array([-0.38775208, 14.28736545]), 2.1363041229250084, 1.5139961488003237, 0.5707625407731558]
[array([-0.44314428, 14.42783107]), 2.064642300101523, 1.4137625604833173, 0.49910071794967026]
[array([-0.52069331, 14.56829665]), 2.0530379549708626, 1.4740089213058924, 0.48749637281901004]
[array([-0.56500711, 14.70876227]), 1.965120135494302, 1.3313343899339116, 0.3995785533424494]
[array([-0.6093209 , 14.84922789]), 1.9434974259242697, 1.3361640056459776, 0.3779558437724171]
[array([-0.65363472, 14.99972677]), 1.9132630872919716, 1.3251550065327635, 0.347721505140119]
[array([-0.68687012, 15.15022567]), 1.848975455091087, 1.2357418698724607, 0.2834338729392345]
[array([-0.72010552, 15.30072456]), 1.802353696513039, 1.185344888455895, 0.23681211436118632]
[array([-0.73118411, 15.45122348]), 1.7555725893742835, 1.115641526321602, 0.19003100722243094]
[array([-0.75334111, 15.60172238]), 1.708158276782905, 1.0583611378548576, 0.14261669463105253]
[array([-0.75334128, 15.75222131]), 1.6493165954470188, 0.9637241070969872, 0.08377501329516623]
[array([-0.74226305, 15.90272025]), 1.6148346490141428, 0.8991338920632256, 0.04929306686229018]
[array([-0.74226325, 16.06325244]), 1.5956304421885987, 0.869680893108476, 0.030088860036746157]
[array([-0.73118502, 16.21375139]), 1.5452602399760418, 0.7832305804766795, -0.02028134217581079]
[array([-0.69794997, 16.36425036]), 1.4656442536195171, 0.6339536774659177, -0.09989732853233546]
[array([-0.67579334, 16.51474932]), 1.429628162774138, 0.5604579001466781, -0.1359134193777145]
[array([-0.58716644, 16.81574729]), 1.3915984855707326, 0.42588955956288266, -0.17394309658111995]
[array([-0.53177458, 16.96624629]), 1.2836383521618204, 0.2168492269946455, -0.28190322999003214]
[array([-0.47638272, 17.1167453 ]), 1.2383193073374612, 0.09022319751845632, -0.32722227481439137]
[array([-0.39883403, 17.25721107]), 1.1838948798054472, -0.0711951946593761, -0.3816467023464054]
[array([-0.32128534, 17.39767684]), 1.1254418832939799, -0.24974670192612672, -0.4400996988578727]
[array([-0.24373665, 17.53814262]), 1.0925176432185078, -0.390669704117294, -0.4730239389333448]
[array([-0.24373665, 17.53814262]), 1.0925176432185078, -0.390669704117294, -0.4730239389333448]
[array([-0.06648243, 17.79900768]), 1.0325196812531758, -0.7034580935007366, -0.5330219008986767]
[array([ 0.0332231 , 17.91940696]), 0.9321377674564225, -1.0316762480266213, -0.6334038146954301]
[array([ 0.26586939, 18.16020558]), 0.8325445679486454, -1.5755508705444752, -0.7329970142032072]
[array([ 0.37665334, 18.27057163]), 0.8060297004852731, -1.8121520698693008, -0.7595118816665795]
[array([ 0.49851569, 18.39097095]), 0.7789476010150022, -2.0727360818450244, -0.7865939811368504]
[array([ 0.62037806, 18.49130375]), 0.7609232367638066, -2.3135893450799516, -0.804618345388046]
[array([ 0.74224042, 18.60166981]), 0.740078245908462, -2.5812899515771988, -0.8254633362433905]
[array([ 0.86410278, 18.71203588]), 0.7442062986552789, -2.73827116103374, -0.8213352834965737]
[array([ 0.96380831, 18.83243518]), 0.780230767081068, -2.7240263043348736, -0.7853108150707846]
[array([ 1.08567066, 18.94280125]), 0.7750328275027784, -2.9169315484467284, -0.7905087546490742]
[array([ 1.18537618, 19.06320056]), 0.8028423802052803, -2.931492586978254, -0.7626992019465723]
[array([ 1.2850817 , 19.18359986]), 0.8729007690449596, -2.7796318234708597, -0.692640813106893]
[array([ 1.39586563, 19.30399919]), 0.840143033380128, -3.0563636042684674, -0.7253985487717246]
[array([ 1.48449274, 19.42439848]), 0.8826440695942178, -3.0009602890914553, -0.6828975125576348]
[array([ 1.57311983, 19.55483104]), 0.9364937602035497, -2.909895920843666, -0.6290478219483029]
[array([ 1.66174692, 19.6852636 ]), 0.948452756238215, -2.975129282502531, -0.6170888259136376]
[array([ 1.75037402, 19.8056629 ]), 0.9454959939524109, -3.0921553689235757, -0.6200455881994417]
[array([ 1.8168443 , 19.92606216]), 1.0039748213368078, -2.9639116709522253, -0.5615667608150448]
[array([ 1.8168443 , 19.92606216]), 1.0039748213368078, -2.9639116709522253, -0.5615667608150448]
[array([ 1.96086326, 20.17689398]), 1.0176737361027866, -3.0915078080395717, -0.547867846049066]
[array([ 2.0938038 , 20.42772579]), 1.0848725774959975, -3.0260371547682317, -0.48066900465585505]
[array([ 2.17135247, 20.55815834]), 1.0559486320660971, -3.262746903520138, -0.705673760530559]
[array([ 2.21566591, 20.68859085]), 1.122370103810469, -3.091368570140899, -0.6392522887861871]
[array([ 2.28213617, 20.81902338]), 1.1334569588179133, -3.152705763925489, -0.6281654337787428]
[array([ 2.34860641, 20.95948919]), 1.1503946810768175, -3.2107033304200203, -0.6112277115198386]
[array([ 2.38184143, 21.08992168]), 1.206711569116769, -3.078598101881518, -0.5549108234798872]
[array([ 2.42615485, 21.23038745]), 1.2478664328787954, -3.0179752431709184, -0.5137559597178607]
[array([ 2.42615485, 21.23038745]), 1.2478664328787954, -3.0179752431709184, -0.5137559597178607]
[array([ 2.52586014, 21.48121922]), 1.2225621257846055, -3.274766584046584, -0.5390602668120505]
[array([ 2.57017358, 21.60161847]), 1.2128074805952094, -3.379742014513142, -0.5488149120014467]
[array([ 2.60340862, 21.7220177 ]), 1.2692077953734058, -3.2554886658418725, -0.4924145972232503]
[array([ 2.63664362, 21.86248346]), 1.2975772496999476, -3.231588345433481, -0.4640451428967085]
[array([ 2.65880022, 21.99291593]), 1.3241179480362497, -3.20215433688689, -0.4375044445604064]
[array([ 2.70311364, 22.12334844]), 1.3100956237598775, -3.322276739681512, -0.45152676883677856]
[array([ 2.71419182, 22.26381417]), 1.3853004649649117, -3.1451450845255446, -0.37632192763174444]
[array([ 2.74742681, 22.40427993]), 1.365690120022428, -3.2618903026557833, -0.39593227257422803]
[array([ 2.7695834 , 22.54474567]), 1.3747480297744281, -3.285507496161635, -0.386874362822228]
[array([ 2.7695834 , 22.54474567]), 1.3747480297744281, -3.285507496161635, -0.386874362822228]
[array([ 2.80281789, 22.97617611]), 1.4555209948920997, -3.1961181688526996, -0.30610139770455635]
[array([ 2.82497443, 23.13670838]), 1.4687493688917401, -3.2148742706167934, -0.29287302370491597]
[array([ 2.81389575, 23.28720733]), 1.5432579982581545, -3.056335074505245, -0.21836439433850163]
[array([ 2.80281708, 23.43770628]), 1.5725467175017211, -3.020201316771646, -0.18907567509493495]
[array([ 2.79173838, 23.5982385 ]), 1.5820920977138038, -3.0150363629270878, -0.17953029488285233]
[array([ 2.76958129, 23.74873743]), 1.666650158380275, -2.85897476715639, -0.09497223421638101]
[array([ 2.74742422, 23.88920309]), 1.6952393496596427, -2.8128019920974507, -0.06638304293701336]
[array([ 2.72526712, 24.03970202]), 1.6756136458197426, -2.8542940904478566, -0.0860087467769135]
[array([ 2.70311005, 24.18016769]), 1.732953296801363, -2.7678456779753393, -0.028669095795293087]
[array([ 2.65879613, 24.33066658]), 1.7590196146469732, -2.715342368971496, -0.0026027779496828884]
[array([ 2.63663905, 24.47113224]), 1.7852472009154674, -2.678083713028099, 0.023624808318811308]
[array([ 2.59232515, 24.61159786]), 1.8019416242766437, -2.6382187998498834, 0.04031923167998763]
[array([ 2.54801124, 24.75206348]), 1.8445733856517073, -2.5686054347227145, 0.08295099305505116]
[array([ 2.51477573, 24.90256238]), 1.834319401763315, -2.5730237979967954, 0.072697009166659]
[array([ 2.47046184, 25.03299474]), 1.8499310228565542, -2.5343169984369904, 0.0883086302598981]
[array([ 2.41506951, 25.1834936 ]), 1.9099610988801237, -2.4340587384243757, 0.14833870628346757]
[array([ 2.37075556, 25.34402574]), 1.8720286365160543, -2.468152243441082, 0.11040624391939824]
[array([ 2.21565725, 25.63499011]), 2.0025022955452174, -2.2209105977374675, 0.24087990294856132]
[array([ 2.14918652, 25.77545568]), 2.004722354353754, -2.180470095747304, 0.24309996175709792]
[array([ 2.08271576, 25.92595451]), 2.0112251020808345, -2.1378905812737474, 0.2496027094841784]
[array([ 2.00516661, 26.06642006]), 2.027888109515475, -2.0745792000164944, 0.26626571691881873]
[array([ 1.91653903, 26.21691884]), 2.0755809766554716, -1.9658106790678516, 0.3139585840588155]
[array([ 1.82791147, 26.35738436]), 2.1094906296266194, -1.8756456826707022, 0.3478682370299633]
[array([ 1.7282055 , 26.49784986]), 2.123534945051567, -1.7901131989251258, 0.36191255245491094]
[array([ 1.61742113, 26.62828207]), 2.1803955031535147, -1.6567194647600039, 0.4187731105568586]
[array([ 1.52879356, 26.76874758]), 2.184004145914938, -1.5863538105170376, 0.4223817533182821]
[array([ 1.41800921, 26.88914652]), 2.2403582094679577, -1.4472080466717667, 0.4787358168713016]
[array([ 1.31830326, 27.01957874]), 2.245860010869019, -1.3597637858126932, 0.4842376182723629]
[array([ 1.09673457, 27.25034335]), 2.322490262474157, -1.0957213960637415, 0.5608678698775007]
[array([ 0.99702865, 27.36070904]), 2.324687108403642, -1.0007776426238912, 0.5630647158069859]
[array([ 0.87516593, 27.46104142]), 2.369145531373843, -0.8477189266904537, 0.6075231387771871]
[array([ 0.75330321, 27.5613738 ]), 2.40722931378406, -0.6841873203645056, 0.645606921187404]
[array([ 0.64251887, 27.67173946]), 2.384020798055666, -0.6119741388231887, 0.3778991340201183]
[array([ 0.53173456, 27.77207186]), 2.431220086083199, -0.4858269589281099, 0.42509842204765125]
[array([ 0.40987186, 27.86237097]), 2.4519785086076435, -0.38330192425012555, 0.44585684457209585]
[array([ 0.29908754, 27.96270336]), 2.430828085133201, -0.34308010613137174, 0.4247064210976532]
[array([ 0.15506801, 28.05300242]), 2.5175077680383966, -0.12044425753822188, 0.5113861040028489]
[array([ 0.04428372, 28.14330155]), 2.506489155404706, -0.06466359010198523, 0.5003674913691585]
[array([-0.09973577, 28.21353408]), 2.563479216937152, 0.13933629942440945, 0.5573575529016042]
[array([-0.22159847, 28.30383318]), 2.5636216358041146, 0.2263227701853066, 0.5574999717685669]
[array([-0.35453955, 28.37406574]), 2.605443564406253, 0.4048765786524886, 0.5993219003707053]
[array([-0.48748063, 28.44429829]), 2.6190587033681356, 0.5381699840697637, 0.6129370393325879]
[array([-0.63150011, 28.51453081]), 2.6563701775843453, 0.7426350199096187, 0.6502485135487976]
[array([-0.77551958, 28.57473007]), 2.6864188131842313, 0.9411960713279813, 0.6802971491486836]
[array([-0.90846065, 28.64496262]), 2.6984797364472124, 1.0858447811146386, 0.6923580724116647]
[array([-1.17434277, 28.76536118]), 2.719896148099659, 1.3938695567584987, 0.7137744840641114]
[array([-1.30728384, 28.83559372]), 2.691629319133135, 1.4321943661337462, 0.6855076550975872]
[array([-1.42914656, 28.92589281]), 2.6079847637971567, 1.3149926097145572, 0.601863099761609]
[array([-1.55100922, 28.99612538]), 2.5825617743138323, 1.3430109284817235, 0.5764401102782846]
[array([-1.67287194, 29.08642446]), 2.574550713047178, 1.4091704121453053, 0.5684290490116304]
[array([-1.79473467, 29.1867568 ]), 2.5221238148440714, 1.3678224256268978, 0.5160021508085237]
[array([-1.89444059, 29.2870892 ]), 2.4488775821256255, 1.266719564557194, 0.44275591809007775]
[array([-2.00522494, 29.39745482]), 2.4138048417409492, 1.2534940083853539, 0.4076831777054015]
[array([-2.10493088, 29.50782047]), 2.372479459311003, 1.2104643995254518, 0.3663577952754551]
[array([-2.20463684, 29.62821938]), 2.3319763014916712, 1.1776057426263578, 0.32585463745612353]
[array([-2.28218601, 29.7586516 ]), 2.2484062717147535, 1.0422869500010392, 0.2422846076792058]
[array([-2.38189197, 29.8790505 ]), 2.2361882688190926, 1.0610693163189628, 0.2300666047835449]
[array([-2.45944116, 30.01951598]), 2.199897114083599, 1.008284872997007, 0.17209407435314628]
[array([-2.53699035, 30.15998145]), 2.1364243761104706, 0.9154137521048452, 0.10862133638001792]
[array([-2.60346114, 30.30044694]), 2.088656285279712, 0.8368490972391506, 0.060853245549259416]
[array([-2.66993195, 30.4509457 ]), 2.034154190595985, 0.7504026366294281, 0.0063511508655320625]
[array([-2.72532435, 30.60144448]), 2.0088561666871025, 0.6860003646102536, -0.018946873043350188]
[array([-2.78071675, 30.75194326]), 1.9601906275549692, 0.6056717205833586, -0.06761241217548353]
[array([-2.81395235, 30.91247535]), 1.870312977861344, 0.43469240192376185, -0.15749006186910863]
[array([-2.84718794, 31.06297418]), 1.8199975789873004, 0.32790602402382707, -0.20780546074315231]
[array([-2.86934514, 31.22350629]), 1.7902201675531744, 0.2318586405119229, -0.23758287217727836]
[array([-2.9025811 , 31.53453728]), 1.726523154771165, 0.02548592170550937, -0.3012798849592877]
[array([-2.89150308, 31.69506947]), 1.6350820391336034, -0.20248893004959756, -0.39272100059684933]
[array([-2.88042503, 31.84556841]), 1.5664705282438283, -0.39608859931708545, -0.46133251148662446]
[array([-2.86934703, 32.01613386]), 1.526836718924915, -0.5671364267981854, -0.5009663208055377]
[array([-2.85826898, 32.16663279]), 1.5040929843763269, -0.6932867025876388, -0.5237100553541258]
[array([-2.81395573, 32.32716507]), 1.4176257080410979, -1.0062061400836246, -0.6101773316893548]
[array([-2.81395573, 32.32716507]), 1.4176257080410979, -1.0062061400836246, -0.6101773316893548]
[array([-2.73640757, 32.61812981]), 1.3591878958941233, -1.3903689355066022, -0.6686151438363295]
[array([-2.6145458 , 32.91912793]), 1.2793338466276263, -1.9374207767847613, -0.7484691931028264]
[array([-2.54807569, 33.05959374]), 1.197725566929951, -2.4160102737326095, -0.8300774728005018]
[array([-2.48160558, 33.20005956]), 1.1524923923047892, -2.732955347195566, -0.6430984742215304]
[array([-2.42621388, 33.34052535]), 1.1405141976483517, -2.892935117019032, -0.6550766688779679]
[array([-2.35974375, 33.4709579 ]), 1.1420357756902413, -3.0039360751139563, -0.6535550908360783]
[array([-2.29327367, 33.62145698]), 1.1630223127479213, -3.043142313037754, -0.6325685537783983]
[array([-2.23788197, 33.76192278]), 1.1701968377040943, -3.1238186939847887, -0.6253940288222253]
[array([-2.18249028, 33.90238857]), 1.196089495289131, -3.1320089769929904, -0.5995013712371886]
[array([-2.12709861, 34.05288763]), 1.2000058395976816, -3.2257246800914605, -0.595585026928638]
[array([-2.08278536, 34.20338666]), 1.2325485506986669, -3.1964094301397172, -0.5630423158276527]
[array([-2.04955052, 34.35388566]), 1.317085143815339, -2.9934956073911914, -0.4785057227109806]
[array([-1.99415886, 34.50438472]), 1.267829159797256, -3.2526079141006163, -0.5277617067290636]
[array([-1.96092404, 34.66491698]), 1.309994045597411, -3.194446487380586, -0.48559682092890855]
[array([-1.93876762, 34.81541595]), 1.3620594861124298, -3.0982888718755612, -0.43353138041388983]
[array([-1.86121957, 35.12644725]), 1.3488539759259903, -3.300781139382196, -0.4467368906003293]
[array([-1.86121957, 35.12644725]), 1.3488539759259903, -3.300781139382196, -0.4467368906003293]
[array([-1.86121997, 35.27694617]), 1.4481366813598369, -3.0553253478007583, -0.34745418516648274]
[array([-1.8279856 , 35.59801062]), 1.4401886264791806, -3.184495529188238, -0.35540224004713905]
[array([-1.81690759, 35.74850956]), 1.4760150000348673, -3.139249056554294, -0.3195758664914523]
[array([-1.816908  , 35.89900848]), 1.522125551675007, -3.0598852646840853, -0.27346531485131265]
[array([-1.80583002, 36.05954069]), 1.5070069860954558, -3.1463775997076793, -0.2885838804308638]
[array([-1.794752  , 36.20000638]), 1.5293039163555346, -3.1302230764785706, -0.26628695017078496]
[array([-1.79475244, 36.36053856]), 1.561173803029876, -3.0998217930203307, -0.23441706349644353]
[array([-1.80583126, 36.51103744]), 1.589258070556642, -3.0570819955485815, -0.20633279596967768]
[array([-1.80583171, 36.67156962]), 1.5762070220090039, -3.1261265524931456, -0.21938384451731574]
[array([-1.82798895, 36.82206848]), 1.6321495369244021, -3.0159822106949465, -0.16344132960191748]
[array([-1.85014661, 37.12306625]), 1.6618789518040982, -3.0061932937969913, -0.13371191472222144]
[array([-1.88338226, 37.27356507]), 1.7054908900870822, -2.9312438669854175, -0.0900999764392374]
[array([-1.90553951, 37.42406393]), 1.7429173815009984, -2.8798724715448647, -0.05267348502532121]
[array([-1.92769678, 37.58459604]), 1.729232603901961, -2.911542134937673, -0.06635826262435862]
[array([-1.96093244, 37.73509487]), 1.777192855483364, -2.842157142585634, -0.018398011042955575]
[array([-2.00524651, 37.88559365]), 1.8099706624345926, -2.779604988031849, 0.014379795908272985]
[array([-2.03848218, 38.03609247]), 1.7994297464171727, -2.7951144993479335, 0.0038388798908530752]
[array([-2.07171781, 38.17655803]), 1.8116610138151492, -2.780726338420479, 0.016070147288829606]
[array([-2.1271103 , 38.32705679]), 1.870218555548811, -2.6796345516267674, 0.07462768902249128]
[array([-2.17142438, 38.47755557]), 1.8597162113078602, -2.6827005307957394, 0.06412534478154064]
[array([-2.21573843, 38.6180211 ]), 1.877264275206187, -2.6354803936521507, 0.15471569136297014]
[array([-2.27113089, 38.75848659]), 1.9264506205871152, -2.5546153798637836, 0.2039020367438984]
[array([-2.32652336, 38.89895207]), 1.9325821367822968, -2.515935901567327, 0.21003355293908]
[array([-2.4483867 , 39.17988302]), 1.9804465697877651, -2.3933095579611154, 0.25789798594454827]
[array([-2.51485755, 39.31031521]), 2.0100353111297498, -2.3183029205862797, 0.2874867272865329]
[array([-2.5813284, 39.4407474]), 2.0159319060076126, -2.263368044119044, 0.2933833221643958]
[array([-2.64779925, 39.57117958]), 2.0332296896912037, -2.2046096880904598, 0.3106811058479868]
[array([-2.72534852, 39.70161174]), 2.0970523661793563, -2.092874879548014, 0.37450378233613946]
[array([-2.79181934, 39.82201067]), 2.0839137021032683, -2.056316082989701, 0.36136511826005147]
[array([-2.86936858, 39.94240956]), 2.1164702013053445, -1.9696069738600164, 0.3939216174621276]
[array([-2.95799622, 40.06280841]), 2.158114280856705, -1.8624987885432847, 0.435565697013488]
[array([-3.03554546, 40.1832073 ]), 2.1550334256610846, -1.8056093368108106, 0.4324848418178677]
[array([-3.12417314, 40.31363942]), 2.156361795754777, -1.7245497695662648, 0.4338132119115603]
[array([-3.22387917, 40.42400497]), 2.212287730042282, -1.5963161136350044, 0.4897391461990652]
[array([-3.40113448, 40.66480267]), 2.239215193340826, -1.4250082852617898, 0.5166666094976093]
[array([-3.50084051, 40.77516822]), 2.2664702549399696, -1.3097987113891527, 0.5439216710967527]
[array([-3.50084051, 40.77516822]), 2.2664702549399696, -1.3097987113891527, 0.5439216710967527]
[array([-3.71133099, 40.99589929]), 2.3125563719705804, -1.0666318193931958, 0.5900077881273635]
[array([-3.81103703, 41.10626484]), 2.312722701848296, -0.9679475059700058, 0.590174118005079]
[array([-3.92182148, 41.21663035]), 2.3590367588792174, -0.8123098021539609, 0.6364881750360005]
[array([-4.0326059, 41.3169626]), 2.385117039358843, -0.667147038796702, 0.6625684555156262]
[array([-4.14339031, 41.41729485]), 2.393174875449451, -0.5417037239895771, 0.670626291606234]
[array([-4.26525314, 41.51762706]), 2.437304827454427, -0.3548855887001731, 0.71475624361121]
[array([-4.37603756, 41.6179593 ]), 2.441539519818541, -0.2278870622015873, 0.7189909359753239]
[array([-4.49790036, 41.70825825]), 2.4645373743062193, -0.0503149419579017, 0.7419887904630025]
[array([-4.63084157, 41.79855716]), 2.500435480894164, 0.16918472622015418, 0.7778868970509472]
[array([-4.74162596, 41.88885614]), 2.512464115565984, 0.32344910279307604, 0.7899155317227671]
[array([-4.8634888 , 41.98918835]), 2.497533347413948, 0.4459416851974984, 0.7749847635707312]
[array([-5.00750836, 42.0594207 ]), 2.5750092110416767, 0.8691178047031725, 1.144554836966397]
[array([-5.26231228, 42.20991877]), 2.598293997658384, 1.6536295607474654, 1.1678396235831041]
[array([-5.39525343, 42.28015116]), 2.622820935103735, 2.172404293146248, 1.192366561028455]
[array([-5.5171162 , 42.36041683]), 2.62488181988449, 2.543332030649044, 1.1944274458092101]
[array([-5.65005738, 42.44068247]), 2.601050919744834, 2.727805343316286, 1.1705965456695542]
[array([-5.77192019, 42.53098141]), 2.5677687126397784, 2.8036237485521824, 1.1373143385644986]
[array([-5.88270458, 42.62128037]), 2.526021135063775, 2.7835707424965226, 1.0955667609884951]
[array([-5.99348904, 42.73164585]), 2.483885396262128, 2.767724021081166, 1.0534310221868481]
[array([-6.10427347, 42.83197808]), 2.4266708853878756, 2.6590852892654344, 0.9962165113125958]
[array([-6.20397956, 42.95237685]), 2.374593402101018, 2.588966812856537, 0.9441390280257385]
[array([-6.30368564, 43.07277562]), 2.3288371522990343, 2.555614843137503, 0.8983827782237546]
[array([-6.39231332, 43.19317442]), 2.2817905805810508, 2.5044507149230637, 0.851336206505771]
[array([-6.480941  , 43.31357322]), 2.265203320435947, 2.588127674795147, 0.8347489463606674]
[array([-6.55849026, 43.43397206]), 2.2391593428047627, 2.6183899321649955, 0.8087049687294829]
[array([-6.64711798, 43.56440412]), 2.1808903039964553, 2.5305146076470777, 0.7504359299211756]
[array([-6.71358884, 43.68480299]), 2.142739151877111, 2.4948295537724965, 0.7122847778018313]
[array([-6.7800598 , 43.83530163]), 2.067634841636992, 2.3473272131619676, 0.6371804675617123]
[array([-6.89084484, 44.11623247]), 1.957155499985751, 2.196616174163455, 0.5267011259104712]
[array([-6.94623736, 44.25669789]), 1.9399603416621778, 2.250032997073779, 0.7777134384920548]
[array([-6.9905515, 44.4071966]), 1.9026720803250197, 2.2524513834495026, 0.7404251771548966]
[array([-7.00163042, 44.55769542]), 1.8184412688932967, 2.062857678118103, 0.6561943657231737]
[array([-7.04594457, 44.70819413]), 1.8247159020871415, 2.2121813051502994, 0.6624689989170185]
[array([-7.0681019 , 44.85869291]), 1.7397401841306674, 2.0491671556310074, 0.5774932809605444]
[array([-7.06810241, 45.00919177]), 1.6728457281590048, 1.9410986279156663, 0.5105988249888818]
[array([-7.09025978, 45.16972381]), 1.659177531187861, 2.00042800325006, 0.4969306280177379]
[array([-7.06810351, 45.330256  ]), 1.585722731623802, 1.8707314221661846, 0.42347582845367904]
[array([-7.05702561, 45.4807549 ]), 1.506054210856793, 1.7439506853269122, 0.3438073076866699]
[array([-7.03486934, 45.64128709]), 1.50162823040666, 1.7857716808473134, 0.3393813272365369]
[array([-7.01271304, 45.79178602]), 1.4489634438265067, 1.713415753483308, 0.28671654065638363]
[array([-6.96839996, 45.95231829]), 1.3984735120272636, 1.6353594129901086, 0.23622660885714053]
[array([-6.87977372, 46.25331632]), 1.2962692999585037, 1.499470021719612, 0.13402239678838068]
[array([-6.82438216, 46.39378212]), 1.2141859416384344, 1.3675195183937758, 0.05193903846831138]
[array([-6.75791223, 46.54428121]), 1.1926253657897723, 1.3271716911864424, 0.03037846261964927]
[array([-6.69144222, 46.67471379]), 1.1447099691701466, 1.2545887399345867, -0.017536933999976467]
[array([-6.60281544, 46.81517971]), 1.097161615292215, 1.157167352346064, -0.06508528787790802]
[array([-6.52526702, 46.94561233]), 1.0359766549026004, 1.0482315911624553, -0.12627024826752264]
[array([-6.4366402, 47.076045 ]), 1.0084393735634098, 0.9794813346876997, -0.15380752960671318]
[array([-6.33693494, 47.19644444]), 0.9615696036986527, 0.8734736876622216, -0.20067729947147028]
[array([-6.23722964, 47.30681064]), 0.9041545544933471, 0.7513951511476298, -0.2580923486767759]
[array([-6.12644596, 47.42721013]), 0.8530438090791698, 0.6283441636997517, -0.30920309409095326]
[array([-6.00458381, 47.52754314]), 0.8035867631312565, 0.4885369737669315, -0.3586601400388665]
[array([-5.8938001 , 47.63790938]), 0.7747242532910261, 0.3882672353522346, -0.3875226498790969]
[array([-5.77193795, 47.7382424 ]), 0.7603619388763646, 0.2880959427030041, -0.4018849642937584]
[array([-5.63899738, 47.83857546]), 0.6749160292194034, 0.07352979372964462, -0.6917365866957328]
[array([-5.49497834, 47.91884205]), 0.6170075754345586, -0.1738243492508363, -0.7496450404805776]
[array([-5.35095933, 48.0091419 ]), 0.5894292788579455, -0.39188283372517213, -0.7772233370571907]
[array([-5.21801869, 48.08940845]), 0.5681174124276936, -0.6000349438238621, -0.7985352034874426]
[array([-5.0629212 , 48.15964182]), 0.505788563246322, -0.9517541629780426, -0.8608640526688142]
[array([-4.76380448, 48.2599755 ]), 0.3730943218098466, -1.850030552785033, -0.9935582941052896]
[array([-4.60870692, 48.31014236]), 0.3209941492427136, -2.3794424205531337, -1.0456584666724227]
[array([-4.45360928, 48.3402427 ]), 0.28059134785537165, -2.940366267595548, -1.0860612680597646]
[array([-4.28743324, 48.37034309]), 0.22564489234408663, -4.631086761186996, -1.370083126150705]
[array([-4.13233556, 48.39041018]), 0.18105923487141487, -9.240386418493463, -1.5274821280338682]
[array([-3.97723793, 48.42051052]), 0.19302975007914303, -10.079204502882254, -1.51551161282614]
