[array([-0.08,  0.96]), 1.5653655602943906, 0.45490254518820367, -0.005430766500506001]
[array([-0.04,  1.66]), 1.5278895015297178, 0.3012609279515364, -0.06759316732077814]
[array([-0.03,  1.76]), 1.5113861917216354, 0.24540168331755785, -0.08409647712886059]
[array([-0.03,  1.76]), 1.5113861917216354, 0.24540168331755785, -0.08409647712886059]
[array([-0.02,  1.86]), 1.4990489828380624, 0.2011242409705712, -0.09643368601243352]
[array([-0.02,  1.95]), 1.533707382058316, 0.28703035038937635, -0.06177528679217992]
[array([-0.02,  1.95]), 1.533707382058316, 0.28703035038937635, -0.06177528679217992]
[array([-0.01,  2.06]), 1.4941857974103057, 0.1676500267014431, -0.10129687144019028]
[array([-0.01,  2.06]), 1.4941857974103057, 0.1676500267014431, -0.10129687144019028]
[array([-0.01,  2.17]), 1.5500539612995692, 0.32247744745215, 0.019236321627962738]
[array([-0.01,  2.17]), 1.5500539612995692, 0.32247744745215, 0.019236321627962738]
[array([-0.  ,  2.29]), 1.4944633047613733, 0.1684214844192041, -0.0363543349102331]
[array([-0.  ,  2.29]), 1.4944633047613733, 0.1684214844192041, -0.0363543349102331]
[array([-0.  ,  2.29]), 1.4944633047613733, 0.1684214844192041, -0.0363543349102331]
[array([-0.01,  2.52]), 1.595953851698993, 0.4700564668557832, 0.06513621202738662]
[array([-0.02,  2.65]), 1.6350335189803984, 0.5895405631681895, 0.10421587930879195]
[array([-0.  ,  2.77]), 1.548748280486153, 0.3388397166509692, 0.01793064081454654]
[array([-0.  ,  2.77]), 1.548748280486153, 0.3388397166509692, 0.01793064081454654]
[array([-0. ,  2.9]), 1.5229847772657632, 0.2576842695208159, -0.1767223212131248]
[array([-0. ,  2.9]), 1.5229847772657632, 0.2576842695208159, -0.1767223212131248]
[array([-0.  ,  3.03]), 1.5737141682383802, 0.37811158788799554, -0.12599293024050784]
[array([-0.  ,  3.15]), 1.5441353752731322, 0.2860333411366599, -0.15557172320575585]
[array([-0.  ,  3.15]), 1.5441353752731322, 0.2860333411366599, -0.15557172320575585]
[array([0.01, 3.28]), 1.5205191506314715, 0.19039887164841104, -0.17918794784741654]
[array([0.02, 3.4 ]), 1.4846604884846217, 0.07149850696051015, -0.07262314729694674]
[array([0.02, 3.4 ]), 1.4846604884846217, 0.07149850696051015, -0.07262314729694674]
[array([0.02, 3.53]), 1.5229825083377364, 0.17725958247003928, -0.03430112744383207]
[array([0.03, 3.65]), 1.4967425302315525, 0.09434860025151272, -0.06054110555001602]
[array([0.03, 3.65]), 1.4967425302315525, 0.09434860025151272, -0.06054110555001602]
[array([0.07, 3.78]), 1.3888928761642914, -0.23738076671305952, -0.16839075961727712]
[array([0.09, 3.92]), 1.3737299792217397, -0.3011426841758324, -0.1835536565598288]
[array([0.09, 3.92]), 1.3737299792217397, -0.3011426841758324, -0.1835536565598288]
[array([0.11, 4.05]), 1.4105065100222132, -0.2166510036869023, -0.1467771257593553]
[array([0.11, 4.05]), 1.4105065100222132, -0.2166510036869023, -0.1467771257593553]
[array([0.16, 4.18]), 1.3227585110818718, -0.5299989761943529, -0.3537033978128805]
[array([0.18, 4.31]), 1.3106068306977867, -0.6050082815424463, -0.3658550781969656]
[array([0.18, 4.31]), 1.3106068306977867, -0.6050082815424463, -0.3658550781969656]
[array([0.24, 4.44]), 1.2323291628116915, -0.9257187610942493, -0.44413274608306086]
[array([0.24, 4.44]), 1.2323291628116915, -0.9257187610942493, -0.44413274608306086]
[array([0.3 , 4.59]), 1.210288795951656, -1.0792662346387205, -0.5232349054836214]
[array([0.37, 4.72]), 1.1300465854595163, -1.4795188280631075, -0.603477115975761]
[array([0.37, 4.72]), 1.1300465854595163, -1.4795188280631075, -0.603477115975761]
[array([0.47, 4.85]), 1.0356638919006431, -2.019310748109759, -0.6457896560681493]
[array([0.47, 4.85]), 1.0356638919006431, -2.019310748109759, -0.6457896560681493]
[array([0.53, 4.98]), 1.0383628690559277, -2.0924210456060117, -0.6430906789128648]
[array([0.53, 4.98]), 1.0383628690559277, -2.0924210456060117, -0.6430906789128648]
[array([0.61, 5.12]), 1.0271604732520014, -2.264158252986817, -0.654293074716791]
[array([0.71, 5.23]), 0.9472854800344808, -2.826936015194724, -0.8019213461114558]
[array([0.71, 5.23]), 0.9472854800344808, -2.826936015194724, -0.8019213461114558]
[array([0.8 , 5.36]), 0.9445259399541531, -2.998544753310229, -0.8046808861917835]
[array([0.8 , 5.36]), 0.9445259399541531, -2.998544753310229, -0.8046808861917835]
[array([0.86, 5.49]), 1.023438733155049, -2.67931029222522, -0.7257680929908876]
[array([0.95, 5.61]), 0.9885157420201933, -3.0155805014670882, -0.7222052553488212]
[array([0.95, 5.61]), 0.9885157420201933, -3.0155805014670882, -0.7222052553488212]
[array([1.02, 5.74]), 1.027779890603535, -2.917568614395987, -0.6829411067654796]
[array([1.07, 5.86]), 1.0951007305114597, -2.6723180079272617, -0.6156202668575548]
[array([1.07, 5.86]), 1.0951007305114597, -2.6723180079272617, -0.6156202668575548]
[array([1.14, 5.98]), 1.06106209770859, -2.9396467984765553, -0.6496588996604244]
[array([1.21, 6.11]), 1.0709265241079364, -3.0006669920747293, -0.6397944732610781]
[array([1.21, 6.11]), 1.0709265241079364, -3.0006669920747293, -0.6397944732610781]
[array([1.26, 6.24]), 1.1290491297920018, -2.8065078304036217, -0.5816718675770127]
[array([1.26, 6.24]), 1.1290491297920018, -2.8065078304036217, -0.5816718675770127]
[array([1.31, 6.37]), 1.1591180112112098, -2.752735528962043, -0.5516029861578047]
[array([1.31, 6.37]), 1.1591180112112098, -2.752735528962043, -0.5516029861578047]
[array([1.37, 6.52]), 1.1670086447594767, -2.8174009903523136, -0.867435291036226]
[array([1.43, 6.65]), 1.183071957063131, -2.8873182940145456, -0.8513719787325718]
[array([1.43, 6.65]), 1.183071957063131, -2.8873182940145456, -0.8513719787325718]
[array([1.44, 6.79]), 1.296718373175041, -2.3907382627254816, -0.4140026241939736]
[array([1.44, 6.79]), 1.296718373175041, -2.3907382627254816, -0.4140026241939736]
[array([1.48, 6.94]), 1.2951734077211763, -2.511757020444011, -0.7392705280745264]
[array([1.53, 7.08]), 1.2850011052417778, -2.713164982271958, -0.7494428305539249]
[array([1.53, 7.08]), 1.2850011052417778, -2.713164982271958, -0.7494428305539249]
[array([1.55, 7.22]), 1.347765239538596, -2.507957544610812, -0.6866786962571068]
[array([1.55, 7.22]), 1.347765239538596, -2.507957544610812, -0.6866786962571068]
[array([1.58, 7.36]), 1.3459904142222425, -2.626815036489324, -0.647659838705595]
[array([1.6, 7.5]), 1.3921760150202178, -2.5036538824802976, -0.6014742379076197]
[array([1.6, 7.5]), 1.3921760150202178, -2.5036538824802976, -0.6014742379076197]
[array([1.62, 7.66]), 1.4133412737933024, -2.5071330822092452, -0.580308979134535]
[array([1.62, 7.66]), 1.4133412737933024, -2.5071330822092452, -0.580308979134535]
[array([1.63, 7.8 ]), 1.4578894066870567, -2.39820274362992, -0.5357608462407808]
[array([1.63, 7.8 ]), 1.4578894066870567, -2.39820274362992, -0.5357608462407808]
[array([1.64, 7.95]), 1.4796189304073109, -2.3933980607803345, -0.5140313225205266]
[array([1.64, 8.1 ]), 1.5078852357750594, -2.339306744573275, -0.4857650171527781]
[array([1.64, 8.26]), 1.5449516657642894, -2.2726570307478164, -0.44869858716354805]
[array([1.64, 8.26]), 1.5449516657642894, -2.2726570307478164, -0.44869858716354805]
[array([1.63, 8.41]), 1.5595157402404811, -2.2715598190028885, -0.33303114095105735]
[array([1.63, 8.41]), 1.5595157402404811, -2.2715598190028885, -0.33303114095105735]
[array([1.64, 8.57]), 1.5699561252929857, -2.292335759900705, -0.3225907558985528]
[array([1.64, 8.57]), 1.5699561252929857, -2.292335759900705, -0.3225907558985528]
[array([1.62, 8.72]), 1.6066891973950852, -2.2016288167367577, -0.28585768379645327]
[array([1.62, 8.72]), 1.6066891973950852, -2.2016288167367577, -0.28585768379645327]
[array([1.6 , 8.87]), 1.6810887436832485, -1.9854783210464464, -0.21145813750829]
[array([1.57, 9.02]), 1.7031530215540354, -1.9301320539807207, -0.1893938596375031]
[array([1.57, 9.02]), 1.7031530215540354, -1.9301320539807207, -0.1893938596375031]
[array([1.55, 9.18]), 1.6689141994859624, -2.0680184765103355, -0.22363268170557604]
[array([1.51, 9.32]), 1.7734716389851868, -1.7562733060118794, -0.11907524220635168]
[array([1.51, 9.32]), 1.7734716389851868, -1.7562733060118794, -0.11907524220635168]
[array([1.47, 9.46]), 1.8094280395701474, -1.6499348972232168, -0.08311884162139105]
[array([1.47, 9.46]), 1.8094280395701474, -1.6499348972232168, -0.08311884162139105]
[array([1.45, 9.6 ]), 1.7740772682356285, -1.8055792245247029, -0.29483576855958216]
[array([1.4 , 9.75]), 1.8310301542550067, -1.6507101008510676, -0.23788288254020395]
[array([1.35, 9.88]), 1.8310301542550067, -1.6700393267118923, -0.23788288254020395]
[array([1.35, 9.88]), 1.8918932759305531, -1.4786007329754758, -0.17701976086465754]
[array([ 1.3 , 10.03]), 1.8983738579761331, -1.495401913986188, -0.17053917881907754]
[array([ 1.3 , 10.03]), 1.8983738579761331, -1.495401913986188, -0.17053917881907754]
[array([ 1.24, 10.17]), 1.9199321648967669, -1.445414381358348, -0.14898087189844378]
[array([ 1.24, 10.17]), 1.9199321648967669, -1.445414381358348, -0.14898087189844378]
[array([ 1.17, 10.3 ]), 1.9952380606654918, -1.2234889719607553, -0.07367497612971885]
[array([ 1.12, 10.44]), 1.9852006721372726, -1.2564642292716584, 0.049669531077962015]
[array([ 1.05, 10.58]), 1.9970439528425301, -1.2093609621258763, 0.061512811783219545]
[array([ 1.05, 10.58]), 1.9970439528425301, -1.2093609621258763, 0.061512811783219545]
[array([ 0.97, 10.7 ]), 2.0604781190391894, -1.0101804897607523, 0.12494697797987886]
[array([ 0.97, 10.7 ]), 2.0604781190391894, -1.0101804897607523, 0.12494697797987886]
[array([ 0.91, 10.83]), 2.081453660522582, -0.9439425238397847, 0.14592251946327162]
[array([ 0.82, 10.96]), 2.1248453382539645, -0.7939067848084994, 0.18931419719465392]
[array([ 0.82, 10.96]), 2.1248453382539645, -0.7939067848084994, 0.18931419719465392]
[array([ 0.74, 11.09]), 2.1399314407094283, -0.7403531668474019, 0.0287156136439477]
[array([ 0.65, 11.21]), 2.169820204149831, -0.6461598520840145, 0.05860437708435029]
[array([ 0.65, 11.21]), 2.169820204149831, -0.6461598520840145, 0.05860437708435029]
[array([ 0.56, 11.32]), 2.2251843169511187, -0.4737386225519531, 0.11396848988563812]
[array([ 0.56, 11.32]), 2.2251843169511187, -0.4737386225519531, 0.11396848988563812]
[array([ 0.48, 11.44]), 2.2184428081823655, -0.48454154967125274, 0.10722698111688489]
[array([ 0.38, 11.56]), 2.2470025033973746, -0.3754594378644656, 0.28386603238696195]
[array([ 0.28, 11.65]), 2.323506393164668, -0.10526537277796003, 0.36036992215425534]
[array([ 0.17, 11.77]), 2.3414056173084954, 0.008420850290266966, 0.3782691462980827]
[array([ 0.17, 11.77]), 2.3414056173084954, 0.008420850290266966, 0.3782691462980827]
[array([ 0.07, 11.88]), 2.3326199789198068, 0.026394491482548937, 0.3694835079093941]
[array([ 0.07, 11.88]), 2.3326199789198068, 0.026394491482548937, 0.3694835079093941]
[array([-0.06, 11.98]), 2.3797351420773936, 0.24937666932382568, 0.31610241828889674]
[array([-0.06, 11.98]), 2.3797351420773936, 0.24937666932382568, 0.31610241828889674]
[array([-0.18, 12.07]), 2.431955218764139, 0.45925084464797156, 0.3683224949756423]
[array([-0.3 , 12.17]), 2.446019256409634, 0.5700040290263662, 0.3823865326211373]
[array([-0.3 , 12.17]), 2.446019256409634, 0.5700040290263662, 0.3823865326211373]
[array([-0.42, 12.27]), 2.486335663999003, 0.7554456039081827, 0.42270294021050603]
[array([-0.42, 12.27]), 2.486335663999003, 0.7554456039081827, 0.42270294021050603]
[array([-0.55, 12.34]), 2.5676737667284697, 1.1404342301868815, 0.59198565364849]
[array([-0.69, 12.42]), 2.589516911383029, 1.3379082679132408, 0.6138287983030495]
[array([-0.69, 12.42]), 2.589516911383029, 1.3379082679132408, 0.6138287983030495]
[array([-0.82, 12.48]), 2.6464165648602216, 1.6572714841478222, 0.6044539737522143]
[array([-0.96, 12.53]), 2.7157321415702516, 2.0785960985584646, 0.6737695504622443]
[array([-0.96, 12.53]), 2.7157321415702516, 2.0785960985584646, 0.6737695504622443]
[array([-1.09, 12.59]), 2.711659415760723, 2.179007868370923, 0.7257883552711539]
[array([-1.22, 12.66]), 2.68633521191306, 2.1789825698767, 0.7004641514234913]
[array([-1.22, 12.66]), 2.68633521191306, 2.1789825698767, 0.7004641514234913]
[array([-1.35, 12.71]), 2.746040133096983, 2.6194227847785716, 0.9898958563063907]
[array([-1.35, 12.71]), 2.746040133096983, 2.6194227847785716, 0.9898958563063907]
[array([-1.48, 12.76]), 2.747391017938027, 2.85163876555856, 0.9912467411474346]
[array([-1.62, 12.82]), 2.734215876480572, 2.9829502406490236, 0.9780715996899796]
[array([-1.62, 12.82]), 2.734215876480572, 2.9829502406490236, 0.9780715996899796]
[array([-1.74, 12.89]), 2.702899433712038, 2.9459970860300038, 0.9467551569214454]
[array([-1.74, 12.89]), 2.702899433712038, 2.9459970860300038, 0.9467551569214454]
[array([-1.86, 12.97]), 2.634085639161957, 2.675728184819078, 0.8779413623713646]
[array([-1.99, 13.04]), 2.6643983430776688, 3.0081100652275152, 0.7862045431599516]
[array([-1.99, 13.04]), 2.6643983430776688, 3.0081100652275152, 0.7862045431599516]
[array([-2.13, 13.13]), 2.592933393393808, 2.7657498867270727, 0.714739593476091]
[array([-2.25, 13.22]), 2.592933393393808, 2.882365317027182, 0.714739593476091]
[array([-2.25, 13.22]), 2.5595860855076533, 2.709769349553506, 0.6813922855899361]
[array([-2.37, 13.3 ]), 2.5489657570092676, 2.7689920682936635, 0.6707719570915505]
[array([-2.37, 13.3 ]), 2.5489657570092676, 2.7689920682936635, 0.6707719570915505]
[array([-2.48, 13.4 ]), 2.493175260271718, 2.5963519127578145, 0.6149814603540007]
[array([-2.48, 13.4 ]), 2.493175260271718, 2.5963519127578145, 0.6149814603540007]
[array([-2.6 , 13.51]), 2.445087076056144, 2.47645901632874, 0.5668932761384269]
[array([-2.7 , 13.62]), 2.423312173775338, 2.4549318769959094, 0.5451183738576206]
[array([-2.7 , 13.62]), 2.423312173775338, 2.4549318769959094, 0.5451183738576206]
[array([-2.81, 13.75]), 2.3426870380453098, 2.2041710356792845, 0.4644932381275926]
[array([-2.81, 13.75]), 2.3426870380453098, 2.2041710356792845, 0.4644932381275926]
[array([-2.91, 13.86]), 2.3266959823726876, 2.209944511922976, 0.4485021824549704]
[array([-3.01, 13.97]), 2.3114796783550253, 2.246649346465916, 0.6792223956773633]
[array([-3.1, 14.1]), 2.254540754969663, 2.0975389469094763, 0.6222834722920012]
[array([-3.19, 14.22]), 2.232666368921493, 2.105491118907963, 0.6004090862438309]
[array([-3.19, 14.22]), 2.232666368921493, 2.105491118907963, 0.6004090862438309]
[array([-3.28, 14.36]), 2.17069897742821, 1.9525304399601182, 0.5384416947505481]
[array([-3.35, 14.49]), 2.1265433690832296, 1.8555565822096498, 0.4942860864055676]
[array([-3.35, 14.49]), 2.1265433690832296, 1.8555565822096498, 0.4942860864055676]
[array([-3.43, 14.62]), 2.132231048049629, 1.9487440259188493, 0.49997376537196714]
[array([-3.5 , 14.76]), 2.076705841358382, 1.813973092336095, 0.4444485586807201]
[array([-3.5 , 14.76]), 2.076705841358382, 1.813973092336095, 0.4444485586807201]
[array([-3.56, 14.9 ]), 2.030462993760942, 1.710720731392745, 0.4435390331224087]
[array([-3.6 , 15.04]), 1.9805725825597589, 1.5787770001564754, 0.3936486219212256]
[array([-3.67, 15.18]), 1.9679405875655247, 1.6080818324894453, 0.38101662692699145]
[array([-3.67, 15.18]), 1.9679405875655247, 1.6080818324894453, 0.38101662692699145]
[array([-3.7 , 15.33]), 1.9050825545549488, 1.4200123578760422, 0.31815859391641554]
[array([-3.76, 15.49]), 1.884636720499536, 1.416905225161676, 0.29771275986100276]
[array([-3.76, 15.49]), 1.884636720499536, 1.416905225161676, 0.29771275986100276]
[array([-3.78, 15.64]), 1.8410746986331594, 1.300500043099088, 0.2541507379946262]
[array([-3.78, 15.64]), 1.8410746986331594, 1.300500043099088, 0.2541507379946262]
[array([-3.8, 15.8]), 1.7397520523695809, 1.011778766342619, 0.1528280917310476]
[array([-3.82, 15.95]), 1.7501772530575939, 1.1247753939069018, 0.5126252273743706]
[array([-3.82, 15.95]), 1.7501772530575939, 1.1247753939069018, 0.5126252273743706]
[array([-3.84, 16.11]), 1.7287700916501825, 1.130904785303884, 0.49121806596695916]
[array([-3.84, 16.11]), 1.7287700916501825, 1.130904785303884, 0.49121806596695916]
[array([-3.86, 16.27]), 1.6775630040612952, 1.0427013002083068, 0.4400109783780719]
[array([-3.84, 16.42]), 1.632366481350425, 0.9326958112724864, 0.31524425069417106]
[array([-3.84, 16.57]), 1.5992869069715265, 0.8694498507663273, 0.28216467631527253]
[array([-3.84, 16.57]), 1.5992869069715265, 0.8694498507663273, 0.28216467631527253]
[array([-3.83, 16.73]), 1.5365655332413815, 0.7154197618946625, 0.21944330258512745]
[array([-3.83, 16.73]), 1.5365655332413815, 0.7154197618946625, 0.21944330258512745]
[array([-3.82, 16.88]), 1.5250137225212073, 0.7037467282395317, 0.20789149186495326]
[array([-3.82, 16.88]), 1.5250137225212073, 0.7037467282395317, 0.20789149186495326]
[array([-3.82, 17.04]), 1.5261715739469797, 0.7469129242619095, 0.19511835602254068]
[array([-3.79, 17.19]), 1.4527947906004843, 0.5460968375415143, 0.12174157267604535]
[array([-3.79, 17.19]), 1.4527947906004843, 0.5460968375415143, 0.12174157267604535]
[array([-3.76, 17.34]), 1.4066102370000615, 0.4219063152690319, 0.07555701907562251]
[array([-3.72, 17.49]), 1.3890588569761557, 0.3632674045229969, 0.05800563905171674]
[array([-3.72, 17.49]), 1.3890588569761557, 0.3632674045229969, 0.05800563905171674]
[array([-3.68, 17.64]), 1.3227017878811815, 0.1926517891321422, 0.11067613135685628]
[array([-3.63, 17.78]), 1.3031567182527233, 0.14091707024414682, 0.09113106172839802]
[array([-3.58, 17.94]), 1.234648007255891, -0.04951128643112859, 0.02262235073156571]
[array([-3.58, 17.94]), 1.234648007255891, -0.04951128643112859, 0.02262235073156571]
[array([-3.51, 18.07]), 1.1978819484309298, -0.17391551692738844, -0.17226150104408]
[array([-3.51, 18.07]), 1.1978819484309298, -0.17391551692738844, -0.17226150104408]
[array([-3.46, 18.21]), 1.180618547733603, -0.2348721129694724, -0.18952490174140668]
[array([-3.37, 18.35]), 1.1051372463750526, -0.5243623302408159, -0.26500620309995715]
[array([-3.37, 18.35]), 1.1051372463750526, -0.5243623302408159, -0.26500620309995715]
[array([-3.29, 18.48]), 1.0519650925813449, -0.7358914582031285, -0.3181783568936649]
[array([-3.29, 18.48]), 1.0519650925813449, -0.7358914582031285, -0.3181783568936649]
[array([-3.21, 18.62]), 1.0655557969337002, -0.7068028740922746, -0.018341298049928678]
[array([-3.1 , 18.75]), 0.9327676567834673, -1.1248307788113185, -0.15112943820016156]
[array([-3.1 , 18.75]), 0.9327676567834673, -1.1248307788113185, -0.15112943820016156]
[array([-2.99, 18.88]), 0.8949201919539704, -1.2947163636515937, -0.444785467645028]
[array([-2.87, 19.01]), 0.8607909765629218, -1.5060787706702459, -0.47891468303607665]
[array([-2.73, 19.13]), 0.7763074414555101, -1.9062835374583533, -0.31360160514405144]
[array([-2.73, 19.13]), 0.7763074414555101, -1.9062835374583533, -0.31360160514405144]
[array([-2.59, 19.25]), 0.742134418300237, -2.1022129990226346, -0.3477746282993246]
[array([-2.46, 19.38]), 0.754946531273277, -2.1220710222071117, -0.40251939098229195]
[array([-2.46, 19.38]), 0.754946531273277, -2.1220710222071117, -0.40251939098229195]
[array([-2.33, 19.49]), 0.7153804407293409, -2.350134301682401, -0.44208548152622806]
[array([-2.33, 19.49]), 0.7153804407293409, -2.350134301682401, -0.44208548152622806]
[array([-2.2 , 19.62]), 0.7410872207490403, -2.324426493862076, -0.41637870150652867]
[array([-2.07, 19.75]), 0.7678750577074249, -2.2906213461209557, -0.38959086454814407]
[array([-2.07, 19.75]), 0.7678750577074249, -2.2906213461209557, -0.38959086454814407]
[array([-1.95, 19.87]), 0.7546698965868359, -2.3986999210741184, -0.3454859282019218]
[array([-1.85, 19.99]), 0.8084529156187413, -2.24163546336879, -0.2917029091700164]
[array([-1.85, 19.99]), 0.8084529156187413, -2.24163546336879, -0.2917029091700164]
[array([-1.74, 20.11]), 0.8401496656312857, -2.18446080302174, -0.26000615915747205]
[array([-1.64, 20.23]), 0.8441962115020347, -2.2022491218015725, -0.255959613286723]
[array([-1.64, 20.23]), 0.8441962115020347, -2.2022491218015725, -0.255959613286723]
[array([-1.56, 20.35]), 0.8955343733177472, -2.0473252090368415, -0.20462145147101052]
[array([-1.48, 20.47]), 0.9778674882537761, -1.8137255597752924, -0.12228833653498161]
[array([-1.48, 20.47]), 0.9778674882537761, -1.8137255597752924, -0.12228833653498161]
[array([-1.4 , 20.58]), 0.9258263078153603, -1.9780845829633331, -0.047211627386453014]
[array([-1.33, 20.72]), 0.9984562647749269, -1.756648198558388, 0.02541832957311352]
[array([-1.26, 20.84]), 1.0387738940947722, -1.6385094641984264, 0.0657359588929588]
[array([-1.2 , 20.97]), 1.0756143039458683, -1.5239557322431603, 0.10257636874405496]
[array([-1.12, 21.1 ]), 1.0648105413430982, -1.5412511734266323, 0.0917726061412848]
[array([-1.12, 21.1 ]), 1.0648105413430982, -1.5412511734266323, 0.0917726061412848]
[array([-1.06, 21.23]), 1.1242468563551384, -1.3658151079854932, 0.15120892115332507]
[array([-1.01, 21.37]), 1.1394650802349788, -1.3016753849053209, -0.030537797984682813]
[array([-1.01, 21.37]), 1.1394650802349788, -1.3016753849053209, -0.030537797984682813]
[array([-0.94, 21.51]), 1.1482966207829943, -1.2820901332683023, -0.02170625743666732]
[array([-0.9 , 21.64]), 1.1827042161897365, -1.1706137784046464, 0.012701337970074889]
[array([-0.9 , 21.64]), 1.1827042161897365, -1.1706137784046464, 0.012701337970074889]
[array([-0.85, 21.79]), 1.233044049673308, -1.0185871050303543, 0.0630411714536463]
[array([-0.82, 21.93]), 1.2647884471744315, -0.9082812269383634, 0.09478556895476986]
[array([-0.82, 21.93]), 1.2647884471744315, -0.9082812269383634, 0.09478556895476986]
[array([-0.78, 22.07]), 1.2747109930378693, -0.8586393351593572, 0.1586339410639397]
[array([-0.75, 22.22]), 1.3265827020059167, -0.68183010861318, 0.21050565003198707]
[array([-0.72, 22.35]), 1.357171866075145, -0.5727743076794509, 0.24109481410121547]
[array([-0.72, 22.35]), 1.357171866075145, -0.5727743076794509, 0.24109481410121547]
[array([-0.69, 22.5 ]), 1.3465197725843734, -0.5633897401769717, 0.2304427206104438]
[array([-0.68, 22.66]), 1.4322952004041105, -0.2762415071162527, 0.07486751576102257]
[array([-0.68, 22.66]), 1.4322952004041105, -0.2762415071162527, 0.07486751576102257]
[array([-0.68, 22.8 ]), 1.472628363154298, -0.14309616299000208, 0.11520067851121008]
[array([-0.68, 22.8 ]), 1.472628363154298, -0.14309616299000208, 0.11520067851121008]
[array([-0.66, 22.95]), 1.4925450133805063, -0.06785210889194894, 0.13511732873741833]
[array([-0.64, 23.09]), 1.4878270393465147, -0.07103672579448747, 0.13039935470342678]
[array([-0.64, 23.09]), 1.4878270393465147, -0.07103672579448747, 0.13039935470342678]
[array([-0.64, 23.25]), 1.5542410061751042, 0.14397881500659312, 0.46947660872030306]
[array([-0.65, 23.4 ]), 1.5852836067840008, 0.33027335841131233, 0.5005192093291997]
[array([-0.65, 23.4 ]), 1.5852836067840008, 0.33027335841131233, 0.5005192093291997]
[array([-0.65, 23.56]), 1.589397696896801, 0.4218390507374641, 0.504633299442]
[array([-0.66, 23.71]), 1.6208666814419599, 0.6100570406696241, 0.5361022839871588]
[array([-0.66, 23.71]), 1.6208666814419599, 0.6100570406696241, 0.5361022839871588]
[array([-0.66, 23.71]), 1.6208666814419599, 0.6100570406696241, 0.5361022839871588]
[array([-0.73, 24.01]), 1.7183946328458517, 1.1613781156489802, 0.5883491538303789]
[array([-0.73, 24.01]), 1.7183946328458517, 1.1613781156489802, 0.5883491538303789]
[array([-0.78, 24.15]), 1.7816327985675124, 1.5260556706121253, 0.6676814646186109]
[array([-0.81, 24.29]), 1.8343618132641386, 1.8685676425429758, 0.720410479315237]
[array([-0.85, 24.42]), 1.8413961882813767, 2.0170705592140705, 0.7274448543324752]
[array([-0.85, 24.42]), 1.8413961882813767, 2.0170705592140705, 0.7274448543324752]
[array([-0.89, 24.56]), 1.854538692081819, 2.144256301135842, 0.4059375359782782]
[array([-0.93, 24.69]), 1.854538692081819, 2.207458471314603, 0.4059375359782782]
[array([-0.93, 24.69]), 1.882985813560075, 2.3167479819071537, 0.4343846574565342]
[array([-0.99, 24.83]), 1.890124559266582, 2.4250666569677555, 0.4415234031630413]
[array([-1.03, 24.96]), 1.8984321519731497, 2.4861304327443863, 0.2948606807741774]
[array([-1.03, 24.96]), 1.8984321519731497, 2.4861304327443863, 0.2948606807741774]
[array([-1.03, 24.96]), 1.8984321519731497, 2.4861304327443863, 0.2948606807741774]
[array([-1.11, 25.25]), 1.868485792667431, 2.46366065673652, 0.2649143214684586]
[array([-1.11, 25.25]), 1.868485792667431, 2.46366065673652, 0.2649143214684586]
[array([-1.14, 25.39]), 1.8554743630938135, 2.438057447887758, 0.25190289189484116]
[array([-1.16, 25.54]), 1.7550233342586816, 2.13464054916914, 0.15145186305970926]
[array([-1.16, 25.54]), 1.7550233342586816, 2.13464054916914, 0.15145186305970926]
[array([-1.17, 25.69]), 1.75610718372417, 2.1394894291773547, 0.1525357125251976]
[array([-1.17, 25.84]), 1.6749008533532281, 1.8889852732592916, 0.07132938215425577]
[array([-1.17, 25.84]), 1.6749008533532281, 1.8889852732592916, 0.07132938215425577]
[array([-1.17, 25.99]), 1.5978258918546822, 1.6656381102403712, -0.005745579344290208]
[array([-1.2 , 26.14]), 1.6502831587867735, 1.846743453179678, 0.0794868319918769]
[array([-1.2 , 26.14]), 1.6502831587867735, 1.846743453179678, 0.0794868319918769]
[array([-1.17, 26.29]), 1.5781076855644258, 1.610356908742594, 0.007311358769529264]
[array([-1.16, 26.44]), 1.5140841216793686, 1.4249937313619356, -0.05671220511552799]
[array([-1.16, 26.44]), 1.5140841216793686, 1.4249937313619356, -0.05671220511552799]
[array([-1.16, 26.59]), 1.5336349508943585, 1.4778568949925066, -0.03716137590053803]
[array([-1.13, 26.74]), 1.4776114527016668, 1.2966954009102367, -0.09318487409322973]
[array([-1.13, 26.74]), 1.4776114527016668, 1.2966954009102367, -0.09318487409322973]
[array([-1.1, 26.9]), 1.4020914050337228, 1.068582379374614, -0.1687049217611738]
[array([-1.07, 27.04]), 1.4149773454341223, 1.0518070963122395, -0.3023031597543355]
[array([-1.03, 27.19]), 1.3803021910530502, 0.8997735305110721, -0.3369783141354077]
[array([-0.96, 27.33]), 1.2645924466994323, 0.5145523432951226, -0.4526880584890256]
[array([-0.96, 27.33]), 1.2645924466994323, 0.5145523432951226, -0.4526880584890256]
[array([-0.93, 27.48]), 1.2710236359271807, 0.4692064496685037, -0.44625686926127717]
[array([-0.93, 27.48]), 1.2710236359271807, 0.4692064496685037, -0.44625686926127717]
[array([-0.86, 27.62]), 1.2327178476361105, 0.2835047590264726, -0.31847314830158147]
[array([-0.8 , 27.76]), 1.1752727787676698, 0.06412230077400748, -0.37591821717002216]
[array([-0.72, 27.89]), 1.1240026847927849, -0.15887984317600157, -0.4271883111449071]
[array([-0.72, 27.89]), 1.1240026847927849, -0.15887984317600157, -0.4271883111449071]
[array([-0.65, 28.03]), 1.1168492783205612, -0.25479144897815287, -0.5370882803627772]
[array([-0.57, 28.16]), 1.0418566691525697, -0.5940941832380648, -0.6120808895307688]
[array([-0.48, 28.29]), 1.0223009530156733, -0.7839218332414032, -0.6316366056676652]
[array([-0.38, 28.42]), 0.9820955483667326, -1.1252182083029505, -0.8412550542062232]
[array([-0.38, 28.42]), 0.9820955483667326, -1.1252182083029505, -0.8412550542062232]
[array([-0.27, 28.54]), 0.8858430835801981, -1.766687568374534, -0.8662730176161894]
[array([-0.14, 28.67]), 0.8392846804539975, -2.250795601438063, -0.91283142074239]
[array([-0.14, 28.67]), 0.8392846804539975, -2.250795601438063, -0.91283142074239]
[array([-2.000e-02,  2.878e+01]), 0.7848967303033494, -2.879318782186987, -1.0308782596184107]
[array([ 0.11, 28.9 ]), 0.7516071928154364, -3.5325234801541017, -1.1231900733196059]
[array([ 0.24, 29.  ]), 0.7223113177219356, -4.298869630080426, -1.0618536512247685]
[array([ 0.24, 29.  ]), 0.7223113177219356, -4.298869630080426, -1.0618536512247685]
[array([ 0.37, 29.1 ]), 0.7029608523050744, -4.827343544532584, -1.0812041166416297]
[array([ 0.49, 29.21]), 0.701726729990989, -5.62586932543617, -1.152165382103405]
[array([ 0.61, 29.32]), 0.7174170654334933, -5.738564983335785, -1.1364750466609006]
[array([ 0.61, 29.32]), 0.7174170654334933, -5.738564983335785, -1.1364750466609006]
[array([ 0.72, 29.43]), 0.7412270216221253, -5.700203993594702, -1.1126650904722686]
[array([ 0.83, 29.54]), 0.7590115776340971, -5.753514321758807, -1.2166765354458815]
[array([ 0.83, 29.54]), 0.7590115776340971, -5.753514321758807, -1.2166765354458815]
[array([ 0.94, 29.65]), 0.782465835721172, -5.742802758937302, -1.1932222773588066]
[array([ 1.03, 29.77]), 0.8359593046301723, -5.303836485181432, -1.0179328074642215]
[array([ 1.03, 29.77]), 0.8359593046301723, -5.303836485181432, -1.0179328074642215]
[array([ 1.12, 29.88]), 0.8714587780169616, -5.133025689396842, -0.9824333340774323]
[array([ 1.27, 30.13]), 0.9817899412147082, -4.362745847620344, -1.1770089891277589]
[array([ 1.27, 30.13]), 0.9817899412147082, -4.362745847620344, -1.1770089891277589]
[array([ 1.35, 30.25]), 1.0028216823000158, -4.43269217191817, -1.1559772480424513]
[array([ 1.43, 30.37]), 0.9801367653472192, -4.836062197687737, -0.8737553467471747]
[array([ 1.51, 30.5 ]), 0.9801367653472192, -5.008033209007164, -0.8737553467471747]
[array([ 1.51, 30.5 ]), 1.0365384763888177, -4.549960516179786, -0.8173536357055762]
[array([ 1.58, 30.62]), 1.019044168631452, -4.833758754460758, -0.8348479434629419]
[array([ 1.58, 30.62]), 1.019044168631452, -4.833758754460758, -0.8348479434629419]
[array([ 1.67, 30.75]), 1.0048092632521868, -5.19029102539555, -0.9708788498277918]
[array([ 1.76, 30.87]), 0.9893692080244186, -5.562109242389612, -0.8843119871454469]
[array([ 1.76, 30.87]), 0.9893692080244186, -5.562109242389612, -0.8843119871454469]
[array([ 1.95, 31.12]), 0.9663408102748297, -6.198202263826965, -0.8852932411412722]
[array([ 1.95, 31.12]), 0.9663408102748297, -6.198202263826965, -0.8852932411412722]
[array([ 2.05, 31.24]), 0.9346559285011996, -6.717694390666647, -0.8642430265736386]
[array([ 2.14, 31.37]), 0.9636224599648493, -6.597260914278993, -0.8352764951099889]
[array([ 2.14, 31.37]), 0.9636224599648493, -6.597260914278993, -0.8352764951099889]
[array([ 2.24, 31.49]), 0.8950584220307276, -7.547529923111585, -0.9056423328960705]
[array([ 2.35, 31.61]), 0.8680169887320286, -8.014659721416905, -0.7397994539367982]
[array([ 2.35, 31.61]), 0.8680169887320286, -8.014659721416905, -0.7397994539367982]
[array([ 2.45, 31.74]), 0.8959583137930558, -7.887045408967943, -0.711858128875771]
[array([ 2.56, 31.85]), 0.8503764223833459, -8.470924342196158, -0.696034495238832]
[array([ 2.56, 31.85]), 0.8503764223833459, -8.470924342196158, -0.696034495238832]
[array([ 2.78, 32.08]), 0.8331116254226183, -8.9286974305457, -0.7132992921995596]
[array([ 2.78, 32.08]), 0.8331116254226183, -8.9286974305457, -0.7132992921995596]
[array([ 2.89, 32.19]), 0.7989790939059913, -9.445416711846338, -0.7474318237161865]
[array([ 3.01, 32.29]), 0.7632963609477431, -10.041255682702474, -0.7831145566744347]
[array([ 3.12, 32.4 ]), 0.7601422019235388, -10.234490239686702, -0.7862687156986391]
[array([ 3.12, 32.4 ]), 0.7601422019235388, -10.234490239686702, -0.7862687156986391]
[array([ 3.25, 32.49]), 0.7373202766244613, -10.724455664317107, -0.8090906409977165]
[array([ 3.25, 32.49]), 0.7373202766244613, -10.724455664317107, -0.8090906409977165]
[array([ 3.25, 32.49]), 0.7373202766244613, -10.724455664317107, -0.8090906409977165]
[array([ 3.48, 32.68]), 0.6807396693345327, -11.93084256934874, -0.8656712482876452]
[array([ 3.6 , 32.77]), 0.6702573963799807, -12.294083179245806, -0.8761535212421971]
[array([ 3.72, 32.86]), 0.6706364818935131, -12.471072514902195, -0.8757744357286648]
[array([ 3.84, 32.94]), 0.6312669154233524, -13.404967598050387, -0.9151440021988254]
[array([ 3.84, 32.94]), 0.6312669154233524, -13.404967598050387, -0.9151440021988254]
[array([ 3.97, 33.03]), 0.6421397930645018, -13.395791774981804, -0.9042711245576761]
[array([ 4.1 , 33.12]), 0.6314299291754889, -13.820629912196571, -0.914980988446689]
[array([ 4.1 , 33.12]), 0.6314299291754889, -13.820629912196571, -0.914980988446689]
[array([ 4.22, 33.2 ]), 0.5947521840106778, -14.830921769355998, -0.9516587336115001]
[array([ 4.34, 33.28]), 0.619924893279267, -14.45745873620981, -0.9264860243429108]
[array([ 4.48, 33.35]), 0.5444720407875248, -16.600221608712875, -1.001938876834653]
[array([ 4.48, 33.35]), 0.5444720407875248, -16.600221608712875, -1.001938876834653]
[array([ 4.61, 33.43]), 0.5494654277774801, -16.69666141972851, -0.9969454898446978]
