[0.18196101807528148, -0.0017286666666668086, -10]
[0.12050437118061456, -0.021515573396678807, -10]
[0.09816067332702313, -0.02676874006334537, -10]
[0.09816067332702313, -0.02676874006334537, -10]
[0.08044969638822848, -0.03069579561890112, -10]
[0.11481214015575054, -0.019663684507789818, -10]
[0.11481214015575054, -0.019663684507789818, -10]
[0.06706001068057724, -0.03224379561890105, -10]
[0.06706001068057724, -0.03224379561890105, -10]
[0.12899097898086, 0.00612311134799161, -10]
[0.12899097898086, 0.00612311134799161, -10]
[0.06736859376768164, -0.011571944207563706, -10]
[0.06736859376768164, -0.011571944207563706, -10]
[0.06736859376768164, -0.011571944207563706, -10]
[0.18802258674231326, 0.020733500236880694, -10]
[0.2358162252672758, 0.03317294468132523, -10]
[0.13553588666038768, 0.005707500236880741, -10]
[0.13553588666038768, 0.005707500236880741, -10]
[0.10307370780832636, -0.056252461951485054, -10]
[0.10307370780832636, -0.056252461951485054, -10]
[0.1512446351551982, -0.04010479528481833, -10]
[0.11441333645466396, -0.04952001750704033, -10]
[0.11441333645466396, -0.04952001750704033, -10]
[0.07615954865936442, -0.05703729528481818, -10]
[0.02859940278420406, -0.023116665750399785, -10]
[0.02859940278420406, -0.023116665750399785, -10]
[0.07090383298801571, -0.010918387972621886, -10]
[0.037739440100605086, -0.019270832417066456, -10]
[0.037739440100605086, -0.019270832417066456, -10]
[-0.09495230668522381, -0.053600443528177534, 10]
[-0.12045707367033295, -0.05842694352817771, 10]
[-0.12045707367033295, -0.05842694352817771, 10]
[-0.08666040147476092, -0.04672061019484432, 10]
[-0.08666040147476092, -0.04672061019484432, 10]
[-0.21199959047774114, -0.11258728830063804, 10]
[-0.24200331261697855, -0.11645528830063796, 10]
[-0.24200331261697855, -0.11645528830063796, 10]
[-0.37028750443769975, -0.1413718438561935, 10]
[-0.37028750443769975, -0.1413718438561935, 10]
[-0.4317064938554882, -0.166550843211878, 10]
[-0.591807531225243, -0.19209273210076674, 10]
[-0.591807531225243, -0.19209273210076674, 10]
[-0.8077242992439035, -0.20556123192172193, 10]
[-0.8077242992439035, -0.20556123192172193, 10]
[-0.8369684182424046, -0.20470212081061065, 10]
[-0.8369684182424046, -0.20470212081061065, 10]
[-0.9056633011947268, -0.2082679541439442, 10]
[-1.1307744060778897, -0.25525949240908974, 10]
[-1.1307744060778897, -0.25525949240908974, 10]
[-1.1994179013240918, -0.25613788129797843, 10]
[-1.1994179013240918, -0.25613788129797843, 10]
[-1.071724116890088, -0.23101915907575626, 10]
[-1.2062322005868353, -0.22988507263141875, 10]
[-1.2062322005868353, -0.22988507263141875, 10]
[-1.167027445758395, -0.21738690596475185, 10]
[-1.0689272031709047, -0.1959580170758631, 10]
[-1.0689272031709047, -0.1959580170758631, 10]
[-1.175858719390622, -0.2067928504091964, 10]
[-1.2002667968298917, -0.20365290596475208, 10]
[-1.2002667968298917, -0.20365290596475208, 10]
[-1.1226031321614487, -0.1851519059647519, 10]
[-1.1226031321614487, -0.1851519059647519, 10]
[-1.1010942115848172, -0.17558068374252989, 10]
[-1.1010942115848172, -0.17558068374252989, 10]
[-1.1269603961409254, -0.2761132287615444, 10]
[-1.1549273176058183, -0.2710001176504336, 10]
[-1.1549273176058183, -0.2710001176504336, 10]
[-0.9562953050901927, -0.1317811281869744, 10]
[-0.9562953050901927, -0.1317811281869744, 10]
[-1.0047028081776044, -0.23531711765043334, 10]
[-1.0852659929087831, -0.23855506209487776, 10]
[-1.0852659929087831, -0.23855506209487776, 10]
[-1.0031830178443248, -0.21857661765043343, 10]
[-1.0031830178443248, -0.21857661765043343, 10]
[-1.0507260145957296, -0.20615652954419017, 10]
[-1.0014615529921191, -0.19145519621085666, 10]
[-1.0014615529921191, -0.19145519621085666, 10]
[-1.002853232883698, -0.1847180850997456, 10]
[-1.002853232883698, -0.1847180850997456, 10]
[-0.9592810974519679, -0.17053797398863432, 10]
[-0.9592810974519679, -0.17053797398863432, 10]
[-0.9573592243121338, -0.16362125176641223, 10]
[-0.9357226978293101, -0.15462380732196793, 10]
[-0.9090628122991266, -0.14282519621085665, 10]
[-0.9090628122991266, -0.14282519621085665, 10]
[-0.9086239276011554, -0.10600710457178902, 10]
[-0.9086239276011554, -0.10600710457178902, 10]
[-0.916934303960282, -0.10268382679401135, 10]
[-0.916934303960282, -0.10268382679401135, 10]
[-0.880651526694703, -0.09099132679401106, 10]
[-0.880651526694703, -0.09099132679401106, 10]
[-0.7941913284185785, -0.06730921568290016, 10]
[-0.7720528215922883, -0.06028593790512244, 10]
[-0.7720528215922883, -0.06028593790512244, 10]
[-0.8272073906041342, -0.0711844934606778, 10]
[-0.7025093224047517, -0.037902826794011114, 10]
[-0.7025093224047517, -0.037902826794011114, 10]
[-0.6599739588892868, -0.026457549016233508, 10]
[-0.6599739588892868, -0.026457549016233508, 10]
[-0.7222316898098812, -0.09384913993311104, 10]
[-0.6602840403404271, -0.07572047326644436, 10]
[-0.668015730684757, -0.07572047326644436, 10]
[-0.5914402931901903, -0.05634713993311099, 10]
[-0.5981607655944752, -0.0542843065997777, 10]
[-0.5981607655944752, -0.0542843065997777, 10]
[-0.5781657525433392, -0.04742208437755554, 10]
[-0.5781657525433392, -0.04742208437755554, 10]
[-0.4893955887843021, -0.0234514732664443, 10]
[-0.5025856917086633, 0.015810302784228344, 10]
[-0.48374438485035054, 0.019580136117561552, 10]
[-0.48374438485035054, 0.019580136117561552, 10]
[-0.4040721959043009, 0.03977185833978384, 10]
[-0.4040721959043009, 0.03977185833978384, 10]
[-0.3775770095359139, 0.046448580562005966, 10]
[-0.31756271392339974, 0.060260580562006, 10]
[-0.31756271392339974, 0.060260580562006, 10]
[-0.2961412667389608, 0.0091404637107027, 10]
[-0.2584639408336058, 0.01865435259959149, 10]
[-0.2584639408336058, 0.01865435259959149, 10]
[-0.18949544902078125, 0.03627729704403597, 10]
[-0.18949544902078125, 0.03627729704403597, 10]
[-0.1938166198685011, 0.034131408155147105, 10]
[-0.15018377514578624, 0.0903573644605381, 10]
[-0.04210614911118401, 0.11470930890498253, -10]
[0.003368340116106786, 0.12040680890498238, -10]
[0.003368340116106786, 0.12040680890498238, -10]
[0.010557796593019576, 0.11761025334942696, -10]
[0.010557796593019576, 0.11761025334942696, -10]
[0.09975066772953027, 0.10061852478795971, -10]
[0.09975066772953027, 0.10061852478795971, -10]
[0.18370033785918863, 0.11724069145462651, -10]
[0.22800161161054647, 0.12171741367684857, -10]
[0.22800161161054647, 0.12171741367684857, -10]
[0.3021782415632731, 0.13455052478795984, -10]
[0.3021782415632731, 0.13455052478795984, -10]
[0.4561736920747526, 0.18843488603528777, -10]
[0.5351633071652964, 0.1953877749241767, -10]
[0.5351633071652964, 0.1953877749241767, -10]
[0.6629085936591289, 0.19240367558840735, -10]
[0.8314384394233858, 0.2144675089217408, -10]
[0.8314384394233858, 0.2144675089217408, -10]
[0.8716031473483692, 0.23102560875988165, -10]
[0.87159302795068, 0.22296466431543704, -10]
[0.87159302795068, 0.22296466431543704, -10]
[1.0477691139114287, 0.3150936373546932, -10]
[1.0477691139114287, 0.3150936373546932, -10]
[1.140655506223424, 0.31552363735469335, -10]
[1.1931800962596095, 0.3113298595769155, -10]
[1.1931800962596095, 0.3113298595769155, -10]
[1.1783988344120016, 0.3013615262435822, -10]
[1.1783988344120016, 0.3013615262435822, -10]
[1.0702912739276313, 0.2794574151324712, -10]
[1.203244026091006, 0.25025667865042334, -10]
[1.203244026091006, 0.25025667865042334, -10]
[1.106299954690829, 0.22750867865042335, -10]
[1.1529461268108727, 0.22750867865042335, -10]
[1.0839077398214023, 0.21689390087264557, -10]
[1.1075968273174654, 0.21351334531708996, -10]
[1.1075968273174654, 0.21351334531708996, -10]
[1.0385407651031258, 0.19575467865042334, -10]
[1.0385407651031258, 0.19575467865042334, -10]
[0.9905836065314959, 0.18044773420597887, -10]
[0.9819727507983638, 0.17351656753931227, -10]
[0.9819727507983638, 0.17351656753931227, -10]
[0.8816684142717138, 0.14785278976153438, -10]
[0.8816684142717138, 0.14785278976153438, -10]
[0.8839778047691904, 0.14276267865042336, -10]
[0.8986597385863664, 0.21620320346154315, -10]
[0.8390155787637905, 0.19807898123932097, -10]
[0.8421964475631851, 0.19111614790598758, -10]
[0.8421964475631851, 0.19111614790598758, -10]
[0.7810121759840473, 0.17139131457265436, -10]
[0.7422226328838599, 0.15733614790598754, -10]
[0.7422226328838599, 0.15733614790598754, -10]
[0.7794976103675397, 0.15914659235043213, -10]
[0.725589236934438, 0.14147237012820982, -10]
[0.725589236934438, 0.14147237012820982, -10]
[0.684288292557098, 0.1411828591512625, -10]
[0.6315108000625902, 0.1253022480401514, -10]
[0.6432327329957781, 0.12128135915126248, -10]
[0.6432327329957781, 0.12128135915126248, -10]
[0.5680049431504168, 0.10127302581792912, -10]
[0.5667620900646704, 0.094764914706818, -10]
[0.5667620900646704, 0.094764914706818, -10]
[0.5202000172396353, 0.08089869248459586, -10]
[0.5202000172396353, 0.08089869248459586, -10]
[0.40471150653704757, 0.04864669248459569, -10]
[0.44991015756276076, 0.1631736777804757, -10]
[0.44991015756276076, 0.1631736777804757, -10]
[0.45236191412155363, 0.15635956666936454, -10]
[0.45236191412155363, 0.15635956666936454, -10]
[0.4170805200833227, 0.14005984444714245, -10]
[0.37307832450899453, 0.10034536155855597, -10]
[0.3477799403065309, 0.08981580600300054, -10]
[0.3477799403065309, 0.08981580600300054, -10]
[0.286167904757865, 0.06985097266966706, -10]
[0.286167904757865, 0.06985097266966706, -10]
[0.2814986912958127, 0.06617391711411172, -10]
[0.2814986912958127, 0.06617391711411172, -10]
[0.2987651697047638, 0.062108101697903276, -10]
[0.2184387350166057, 0.03875154614234768, -10]
[0.2184387350166057, 0.03875154614234768, -10]
[0.16876252610761275, 0.024050546142347903, -10]
[0.14530696180919875, 0.01846376836457, -10]
[0.14530696180919875, 0.01846376836457, -10]
[0.07706071565285688, 0.03522930677546319, -10]
[0.05636682809765873, 0.029007917886574378, -10]
[-0.019804514572451436, 0.0072009178865744755, -10]
[-0.019804514572451436, 0.0072009178865744755, -10]
[-0.06956620677095537, -0.054832538791190044, 10]
[-0.06956620677095537, -0.054832538791190044, 10]
[-0.09394884518778897, -0.06032764990230127, 10]
[-0.20974493209632636, -0.08435409434674587, 10]
[-0.20974493209632636, -0.08435409434674587, 10]
[-0.2943565832812514, -0.101279316568968, 10]
[-0.2943565832812514, -0.101279316568968, 10]
[-0.28272114963690986, -0.0058382164947357795, 10]
[-0.4499323115245274, -0.04810599427251366, 10]
[-0.4499323115245274, -0.04810599427251366, 10]
[-0.5178865454606375, -0.14157961158229299, 10]
[-0.6024315082680983, -0.15244327824895976, 10]
[-0.7625134149833414, -0.09982249124045708, 10]
[-0.7625134149833414, -0.09982249124045708, 10]
[-0.8408851996090538, -0.11070010235156812, 10]
[-0.8488284088828447, -0.1281259015303421, 10]
[-0.8488284088828447, -0.1281259015303421, 10]
[-0.9400537206729604, -0.14072017930811995, 10]
[-0.9400537206729604, -0.14072017930811995, 10]
[-0.9297705975448304, -0.1325374570858977, 10]
[-0.9162485384483823, -0.12401062375256434, 10]
[-0.9162485384483823, -0.12401062375256434, 10]
[-0.9594799684296473, -0.10997158648405501, 10]
[-0.8966541853475161, -0.09285191981738855, 10]
[-0.8966541853475161, -0.09285191981738855, 10]
[-0.873784321208696, -0.0827625309284995, 10]
[-0.880899648720629, -0.08147447537294387, 10]
[-0.880899648720629, -0.08147447537294387, 10]
[-0.8189300836147366, -0.06513303092849941, 10]
[-0.725490223910117, -0.038925586484055086, 10]
[-0.725490223910117, -0.038925586484055086, 10]
[-0.7912338331853332, -0.015027927739933394, 10]
[-0.7026592794233552, 0.008090905593399846, 10]
[-0.6554037856793705, 0.02092440559340006, 10]
[-0.6095822928972641, 0.03265107226006668, 10]
[-0.616500469370653, 0.029212127815622213, 10]
[-0.616500469370653, 0.029212127815622213, 10]
[-0.5463260431941973, 0.048131294482288686, 10]
[-0.5206701539621283, -0.009720483000807979, 10]
[-0.5206701539621283, -0.009720483000807979, 10]
[-0.512836053307321, -0.006909316334141635, 10]
[-0.46824551136185855, 0.004042961443636397, 10]
[-0.46824551136185855, 0.004042961443636397, 10]
[-0.40743484201214175, 0.020066628110302985, 10]
[-0.3633124907753454, 0.03017118366585864, 10]
[-0.3633124907753454, 0.03017118366585864, 10]
[-0.34345573406374286, 0.0504947517249488, 10]
[-0.272732043445272, 0.06700602950272667, 10]
[-0.22910972307178037, 0.07674286283606006, 10]
[-0.22910972307178037, 0.07674286283606006, 10]
[-0.2253558960707887, 0.07335219616939344, 10]
[-0.11049660284650109, 0.02383107042075425, 10]
[-0.11049660284650109, 0.02383107042075425, 10]
[-0.05723846519600083, 0.03666951486519874, -10]
[-0.05723846519600083, 0.03666951486519874, -10]
[-0.027140843556779575, 0.04300918153186546, -10]
[-0.028414690317794988, 0.04150740375408753, -10]
[-0.028414690317794988, 0.04150740375408753, -10]
[0.05759152600263725, 0.1494390458877117, -10]
[0.13210934336452493, 0.15932021255437845, -10]
[0.13210934336452493, 0.15932021255437845, -10]
[0.16873562029498562, 0.16062976810993376, -10]
[0.24402281626784963, 0.17064665699882273, -10]
[0.24402281626784963, 0.17064665699882273, -10]
[0.24402281626784963, 0.17064665699882273, -10]
[0.4645512462595921, 0.18727735219207747, -10]
[0.4645512462595921, 0.18727735219207747, -10]
[0.6104222682448501, 0.2125296110097767, -10]
[0.7474270570171904, 0.2293137776764432, -10]
[0.8068282236856282, 0.23155288878755437, -10]
[0.8068282236856282, 0.23155288878755437, -10]
[0.8577025204543368, 0.12921393087497418, -10]
[0.8829833885258411, 0.12921393087497418, -10]
[0.9266991927628615, 0.1382689308749743, -10]
[0.9700266627871021, 0.1405412642083076, -10]
[0.9944521730977545, 0.09385706973730344, -10]
[0.9944521730977545, 0.09385706973730344, -10]
[0.9944521730977545, 0.09385706973730344, -10]
[0.985464262694608, 0.0843248475150812, -10]
[0.985464262694608, 0.0843248475150812, -10]
[0.9752229791551033, 0.08018318084841462, -10]
[0.853856219667656, 0.0482086252928591, -10]
[0.853856219667656, 0.0482086252928591, -10]
[0.8557957716709419, 0.04855362529285906, -10]
[0.7555941093037166, 0.022704847515081266, -10]
[0.7555941093037166, 0.022704847515081266, -10]
[0.6662552440961484, -0.0018288747071409548, -10]
[0.7386973812718712, 0.025301444444444425, -10]
[0.7386973812718712, 0.025301444444444425, -10]
[0.6441427634970376, 0.00232727777777772, -10]
[0.5699974925447743, -0.018052055555555505, -10]
[0.5699974925447743, -0.018052055555555505, -10]
[0.5911427579970027, -0.011828833333333321, -10]
[0.5186781603640946, -0.029661666666666822, -10]
[0.5186781603640946, -0.029661666666666822, -10]
[0.42743295174984564, -0.053700444444444544, -10]
[0.4207228385248958, -0.09622608437440283, -10]
[0.35990941220442885, -0.10726352881884728, -10]
[0.205820937318049, -0.1440950843744029, -10]
[0.205820937318049, -0.1440950843744029, -10]
[0.1876825798674015, -0.14204797326329188, -10]
[0.1876825798674015, -0.14204797326329188, -10]
[0.11340190361058904, -0.10137315158846989, -10]
[0.02564892030960299, -0.11965848492180327, 10]
[-0.06355193727040062, -0.13597826269958113, 10]
[-0.06355193727040062, -0.13597826269958113, 10]
[-0.10191657959126114, -0.17096050939292348, 10]
[-0.23763767329522595, -0.19483139828181237, 10]
[-0.31356873329656126, -0.2010561760595904, 10]
[-0.4500872833211802, -0.26777980055592154, 10]
[-0.4500872833211802, -0.26777980055592154, 10]
[-0.7066750273498136, -0.27574326564149815, 10]
[-0.9003182405752252, -0.2905632656414981, 10]
[-0.9003182405752252, -0.2905632656414981, 10]
[-1.1517275128747948, -0.32813874148848055, 10]
[-1.4130093920616407, -0.35752250440112726, 10]
[-1.7195478520321703, -0.3379985148651986, -5]
[-1.7195478520321703, -0.3379985148651986, -5]
[-1.9309374178130336, -0.3441579593096431, -5]
[-2.250347730174468, -0.36674563164223856, -5]
[-2.2954259933343137, -0.36175124275334947, -5]
[-2.2954259933343137, -0.36175124275334947, -5]
[-2.2800815974378805, -0.35417229830890495, -5]
[-2.301405728703523, -0.38728016952026734, -5]
[-2.301405728703523, -0.38728016952026734, -5]
[-2.297121103574921, -0.37981444729804525, -5]
[-2.121534594072573, -0.32401807608668287, -5]
[-2.121534594072573, -0.32401807608668287, -5]
[-2.0532102757587367, -0.3127182427533495, -5]
[-1.7450983390481376, -0.37465359736655546, -5]
[-1.7450983390481376, -0.37465359736655546, -5]
[-1.773076868767268, -0.36795898625544426, -5]
[-1.9344248790750949, -0.27812496497557176, -5]
[-2.0032132836028653, -0.27812496497557176, -5]
[-1.8199842064719143, -0.2601717427533495, -5]
[-1.9335035017843034, -0.26574035386446077, -5]
[-1.9335035017843034, -0.26574035386446077, -5]
[-2.07611641015822, -0.30904033618693405, -5]
[-2.224843696955845, -0.28148524797922897, -5]
[-2.224843696955845, -0.28148524797922897, -5]
[-2.479280905530786, -0.2817975908269575, -5]
[-2.479280905530786, -0.2817975908269575, -5]
[-2.687077756266659, -0.2750970994237897, -5]
[-2.638904365711597, -0.2658767660904562, -5]
[-2.638904365711597, -0.2658767660904562, -5]
[-3.019011969244634, -0.28827490790737087, -5]
[-3.205863888566762, -0.23548547998145275, -5]
[-3.205863888566762, -0.23548547998145275, -5]
[-3.1548181635871773, -0.22659147998145288, -5]
[-3.388369736878463, -0.2215546609594648, -5]
[-3.388369736878463, -0.2215546609594648, -5]
[-3.57147897221828, -0.22705021651502025, -5]
[-3.57147897221828, -0.22705021651502025, -5]
[-3.7781666847385353, -0.23791493873724245, -5]
[-4.01650227308099, -0.249273105403909, -5]
[-4.093796095874681, -0.2502771054039091, -5]
[-4.093796095874681, -0.2502771054039091, -5]
[-4.289782265726843, -0.2575415498483534, -5]
[-4.289782265726843, -0.2575415498483534, -5]
[-4.289782265726843, -0.2575415498483534, -5]
[-4.772337027739496, -0.27555171651502036, -5]
[-4.917633271698323, -0.2788883276261312, -5]
[-4.988429005960878, -0.2787676609594648, -5]
[-5.361987039220155, -0.2912993831816868, -5]
[-5.361987039220155, -0.2912993831816868, -5]
[-5.358316709992722, -0.2878384387372423, -5]
[-5.528251964878629, -0.29124749429279784, -5]
[-5.528251964878629, -0.29124749429279784, -5]
[-5.932368707742399, -0.30292238318168696, -5]
[-5.782983494483924, -0.2949096609594647, -5]
[-6.64008864348515, -0.3189270498483535, -5]
[-6.64008864348515, -0.3189270498483535, -5]
[-6.6786645678914045, -0.3173376054039092, -5]
