[array([-6.39320165e-09,  4.11363753e-01]), 1.5327209219650884, -0.5761942385125145, -0.18477320257903118]
[array([-0.01107843,  0.77256119]), 1.5913727114783578, -0.4518818916589474, -0.12612141306576174]
[array([-0.01107844,  0.9029936 ]), 1.573336478988249, -0.5218684782251438, -0.14415764555587063]
[array([-3.95686316e-08,  1.02339275e+00]), 1.5481208346200608, -0.6232731774878797, -0.16937328992405876]
[array([-0.01107846,  1.16385842]), 1.5919989356139737, -0.5101543727110927, -0.12549518893014588]
[array([-0.01107847,  1.3043241 ]), 1.5875537565420696, -0.5425170151174898, -0.1299403680020499]
[array([-0.01107849,  1.44478977]), 1.5866458362651816, -0.5648791736068566, -0.1308482882789379]
[array([-0.01107851,  1.5952887 ]), 1.5634577408890356, -0.6593399508631852, -0.15403638365508399]
[array([-1.12514264e-07,  1.72572111e+00]), 1.5445315650133347, -0.7431637627905011, -0.17296255953078488]
[array([-0.01107854,  1.87622005]), 1.5803907507589594, -0.6522778171370072, -0.13710337378516013]
[array([-0.01107856,  2.01668572]), 1.5827415347284703, -0.6657461567068769, -0.1347525898156492]
[array([-0.01107859,  2.15715139]), 1.5720403974857182, -0.7154685776771307, -0.14545372705840132]
[array([-0.02215702,  2.2875838 ]), 1.6194946781169677, -0.5830211946684498, -0.09799944642715186]
[array([-0.03323545,  2.42804947]), 1.632629677001626, -0.5559420369972358, -0.08486444754249356]
[array([-0.07754915,  2.7089808 ]), 1.7162093060894301, -0.32345780449996975, -0.0012848184546894181]
[array([-0.099706  ,  2.84944647]), 1.7064511702415297, -0.34711716342074517, -0.011042954302589836]
[array([-0.13294126,  2.98991213]), 1.7656024729867197, -0.17299200382548563, 0.048108348442600146]
[array([-0.16617653,  3.13037779]), 1.7803353208015797, -0.119281923247689, 0.06284119625746021]
[array([-0.18833338,  3.28087672]), 1.7901508779818704, -0.09006894576152065, 0.07265675343775091]
[array([-0.23264706,  3.41130912]), 1.8204845258486066, 0.020193690219871722, 0.10299040130448711]
[array([-0.28803915,  3.55177477]), 1.8602474895321672, 0.15774747542254158, 0.1427533649880477]
[array([-0.33235283,  3.70227369]), 1.8920934651957568, 0.2753878138969194, 0.1745993406516373]
[array([-0.45421542,  3.96313847]), 1.995106986438667, 0.6581837564217449, 0.2776128618945475]
[array([-0.45421542,  3.96313847]), 1.995106986438667, 0.6581837564217449, 0.2776128618945475]
[array([-0.58715642,  4.20393671]), 2.0842550885049587, 1.0341087187052644, 0.3667609639608391]
[array([-0.58715642,  4.20393671]), 2.0842550885049587, 1.0341087187052644, 0.3667609639608391]
[array([-0.67578374,  4.31430256]), 2.141842750773287, 1.2923398114110018, 0.4243486262291676]
[array([-0.84195997,  4.54506752]), 2.169040914638815, 1.5361922662577614, 0.45154679009469567]
[array([-0.93058729,  4.65543337]), 2.2210991993039007, 1.8021681302348558, 0.5036050747597811]
[array([-1.01921462,  4.76579922]), 2.2331894440983158, 1.9387492057303766, 0.5156953195541962]
[array([-1.08568513,  4.89623159]), 2.1608141306766147, 1.71258513343752, 0.4433200061324951]
[array([-1.17431245,  5.00659743]), 2.203041848329842, 1.9523706469504232, 0.48554772378572264]
[array([-1.25186137,  5.1370298 ]), 2.13749147041514, 1.7747681975064784, 0.41999734587102044]
[array([-1.31833189,  5.27749544]), 2.0671423097220796, 1.5804156192180925, 0.34964818517796004]
[array([-1.38480241,  5.4079278 ]), 2.0795940122045824, 1.6708299955762471, 0.36209988766046286]
[array([-1.45127293,  5.54839343]), 2.0203502070090362, 1.519170976544914, 0.3028560824649167]
[array([-1.50666504,  5.69889233]), 1.9987742722629573, 1.486747000118705, 0.2812801477188378]
[array([-1.55097874,  5.8293247 ]), 1.968410779266012, 1.4174759007332893, 0.2509166547218924]
[array([-1.59529245,  5.9798236 ]), 1.9062173676345955, 1.2512379400102551, 0.18872324309047595]
[array([-1.63960616,  6.12028923]), 1.9015667633097315, 1.2611199421925963, 0.18407263876561197]
[array([-1.67284146,  6.26075487]), 1.8593348568662993, 1.1409164430342702, 0.14184073232217975]
[array([-1.73931206,  6.56175267]), 1.7976920966138872, 0.9893410474252026, 0.08019797206976764]
[array([-1.76146897,  6.72228483]), 1.7421333796010028, 0.8271236535914059, 0.024639255056883247]
[array([-1.78362586,  6.87278374]), 1.7361640044933309, 0.81257225488636, 0.01866987994921132]
[array([-1.79470436,  7.03331591]), 1.7031977019828868, 0.7075837192778502, -0.014296422561232758]
[array([-1.79470444,  7.18381482]), 1.6280797781746017, 0.47486170007883627, -0.08941434636951784]
[array([-1.79470452,  7.33431373]), 1.6150072620771647, 0.4079861366889335, -0.3713064796023895]
[array([-1.7836262 ,  7.48481265]), 1.5771172112139185, 0.23125757606190767, -0.40919653046563575]
[array([-1.77254788,  7.64534483]), 1.530185133094866, 0.0199151413920722, -0.4561286085846883]
[array([-1.75039113,  7.77577724]), 1.4791581634847841, -0.20462423994888496, -0.5071555781947701]
[array([-1.72823441,  7.93630943]), 1.4485372344231702, -0.39331859274618164, -0.537776507256384]
[array([-1.69499926,  8.0767751 ]), 1.4192975589315835, -0.5808212930593449, -0.5670161827479707]
[array([-1.60637216,  8.37777299]), 1.3230335749719861, -1.1614317700697612, -0.6632801667075681]
[array([-1.55098021,  8.52827194]), 1.279811194178047, -1.4675555639802937, -0.7065025475015072]
[array([-1.47343144,  8.68880417]), 1.1856082695321297, -2.0715000417804315, -0.8007054721474245]
[array([-1.40696107,  8.82926987]), 1.1648458327504054, -2.3511569923054294, -0.8214679089291488]
[array([-1.31833389,  8.98980211]), 1.102993807520679, -2.9289792765110776, -0.8833199341588751]
[array([-1.22970671,  9.13026783]), 1.0797179220831572, -3.3108964152804314, -0.906595819596397]
[array([-1.14107953,  9.28076681]), 1.0710036676608752, -3.6032897368493937, -0.915310074018679]
[array([-1.04137394,  9.4312658 ]), 1.0372894915659507, -4.124192293132744, -0.9490242501136035]
[array([-0.985982  ,  9.59179803]), 1.1030185911960575, -3.793244359384554, -0.8832951504834967]
[array([-0.89735481,  9.71219723]), 1.0810946377971309, -4.1717660796687, -0.9052191038824233]
[array([-0.84196287,  9.87272946]), 1.1315405872992235, -3.9643981793279224, -0.8547731543803307]
[array([-0.73117898, 10.14362761]), 1.1762880367935542, -3.9605780640236357, -0.810025704886]
[array([-0.69794386, 10.29412656]), 1.2552268354003058, -3.572690544986666, -0.7310869062792484]
[array([-0.65363032, 10.424559  ]), 1.2424218782771985, -3.7862304720651254, -0.7438918634023557]
[array([-0.63147361, 10.56502468]), 1.3314636897920438, -3.362674383591224, -0.6548500518875104]
[array([-0.59823849, 10.70549037]), 1.3503277319463738, -3.372308593902043, -0.6359860097331804]
[array([-0.56500338, 10.84595606]), 1.339911781503397, -3.534713604556885, -0.6464019601761573]
[array([-0.53176826, 10.98642176]), 1.3562410819850563, -3.56157773991133, -0.6300726596944979]
[array([-0.52068998, 11.1369207 ]), 1.4246972585714033, -3.2995205119421924, -0.5616164831081509]
[array([-0.49853328, 11.28741964]), 1.43934807591142, -3.3246290031750565, -0.5469656657681341]
[array([-0.487455  , 11.43791858]), 1.455910901446996, -3.32306969073285, -0.5304028402325582]
[array([-0.4652983 , 11.57838427]), 1.430277250722955, -3.5394148345667493, -0.5560364909565991]
[array([-0.45422004, 11.74894973]), 1.475993881550919, -3.4043446097461083, -0.5103198601286352]
[array([-0.45422017, 11.8894154 ]), 1.527268164316008, -3.2399168750455987, -0.45904557736354623]
[array([-0.4542203 , 12.03991433]), 1.5470565328421941, -3.222784903100437, -0.4392572088373601]
[array([-0.46529899, 12.34091217]), 1.5617673895084787, -3.279931104275887, -0.4245463521710755]
[array([-0.47637754, 12.49141109]), 1.6238930823649182, -3.080639468014288, -0.36242065931463596]
[array([-0.4985345 , 12.63187674]), 1.6572358523950177, -2.992908463458755, -0.3290778892845365]
[array([-0.52069145, 12.77234238]), 1.676792964795315, -2.9522298057271215, -0.3095207768842392]
[array([-0.54284842, 12.92284129]), 1.7377923966854416, -2.7741647108317053, -0.2485213449941126]
[array([-0.57608379, 13.06330692]), 1.7402866467194673, -2.795375213397526, -0.2460270949600869]
[array([-0.59824075, 13.20377257]), 1.7686145622098113, -2.73907223258791, -0.21769917946974293]
[array([-0.63147613, 13.35427146]), 1.7859390494309573, -2.7079135773586698, -0.20037469224859694]
[array([-0.67578992, 13.49473708]), 1.8301814006397619, -2.5775704680969174, -0.15613234103979234]
[array([-0.72010371, 13.64523596]), 1.8589932959316844, -2.512337577720863, -0.12732044574786983]
[array([-0.77549591, 13.78570157]), 1.887081054116954, -2.430953700986364, -0.09923268756260017]
[array([-0.83088811, 13.92616717]), 1.9085339431507677, -2.3729985167664096, -0.07777979852878647]
[array([-0.88628032, 14.07666604]), 1.9192703360444108, -2.354380344324926, -0.06704340563514344]
[array([-0.95275092, 14.20709837]), 1.9803226514108734, -2.1710490578824135, -0.005991090268680832]
[array([-1.01922154, 14.34756396]), 2.0184114952759216, -2.0613473895359524, 0.03209775359636735]
[array([-1.09677055, 14.47799627]), 2.0463798729403546, -1.9679760381530451, 0.060066131260800404]
[array([-1.16324116, 14.6084286 ]), 2.0533325665485993, -1.9388385860167205, 0.06701882486904509]
[array([-1.25186857, 14.72882764]), 2.124151569876297, -1.7232443480439168, 0.13783782819674295]
[array([-1.32941759, 14.85925995]), 2.1132610644097025, -1.7317138188188532, 0.1269473227301483]
[array([-1.41804501, 14.97965898]), 2.1417305261023833, -1.6272579838713708, 0.15541678442282914]
[array([-1.50667242, 15.09002475]), 2.217480433632816, -1.4038510435367841, 0.23116669195326178]
[array([-1.60637825, 15.21042377]), 2.23299623615012, -1.3233839020995175, 0.24668249447056567]
[array([-1.69500569, 15.34085607]), 2.211467076227994, -1.338384459919941, 0.22515333454843978]
[array([-1.7947115 , 15.44118856]), 2.271614787443148, -1.1415531206832479, 0.28530104576359383]
[array([-2.00520155, 15.66192005]), 2.32956006767521, -0.899327872229711, 0.34324632599565597]
[array([-2.11598576, 15.742186  ]), 2.3727615045181247, -0.7150624715007123, 0.3864477628385705]
[array([-2.21569158, 15.85255175]), 2.3679290368852035, -0.6793694805849511, 0.3816152952056493]
[array([-2.32647579, 15.94285096]), 2.4193986219935906, -0.47296021528270615, 0.43308488031403636]
[array([-2.43725999, 16.02311692]), 2.4443095318743806, -0.3338876104855399, 0.4579957901948264]
[array([-2.55912262, 16.11341611]), 2.4875896830665605, -0.1345398050608941, 0.5012759413870063]
[array([-2.68098525, 16.2037153 ]), 2.505318737608319, 0.005336712587888904, 0.5190049959287646]
[array([-2.81392627, 16.28398122]), 2.528979119080055, 0.1690672138134003, 0.5426653774005006]
[array([-2.93578887, 16.35421389]), 2.583911437424399, 0.4281751648327712, 0.5491366245527147]
[array([-3.07980829, 16.42444653]), 2.6173521204255357, 0.6516794423593039, 0.5825773075538514]
[array([-3.21274931, 16.49467919]), 2.6353764846767316, 0.8097507160793551, 0.6006016718050473]
[array([-3.34569028, 16.53481206]), 2.7275738514791823, 1.2645765745371873, 0.692799038607498]
[array([-3.48970966, 16.56491166]), 2.831085664223537, 1.8639407893403033, 0.7963108513518526]
[array([-3.63372904, 16.60504452]), 2.834139815881602, 2.0381246259403993, 0.7993650030099175]
[array([-3.77774844, 16.65521063]), 2.8304779405779925, 2.1680520509871135, 0.7957031277063082]
[array([-3.9106894 , 16.68531025]), 2.8627262146341663, 2.494844636514966, 0.827951401762482]
[array([-4.18764978, 16.77560923]), 2.8607894227632285, 2.78229227595761, 0.8260146098915442]
[array([-4.34274758, 16.81574207]), 2.850431766317268, 2.908861966026577, 0.8156569534455835]
[array([-4.47568858, 16.87594145]), 2.7969714586640557, 2.7350383809975267, 0.7621966457923715]
[array([-4.60862962, 16.96624061]), 2.676234991531769, 2.2430079548909756, 0.6414601786600849]
[array([-4.74157064, 17.03647325]), 2.654585578424181, 2.2561735191414773, 0.6198107655524967]
[array([-4.89666844, 17.07660609]), 2.72194010318667, 2.7290700313085896, 0.6871652903149856]
[array([-4.99637425, 17.16690529]), 2.6455988781056625, 2.4213397878596297, 0.6108240652339783]
[array([-5.10715848, 17.26723772]), 2.535154093973611, 2.032785033610628, 0.5003792811019268]
[array([-5.22902108, 17.32743712]), 2.5843816291248864, 2.3237321324946008, 0.5496068162532022]
[array([-5.35088368, 17.39766976]), 2.6017209516446744, 2.4855632237129677, 0.5669461387729902]
[array([-5.43951111, 17.50803549]), 2.429845813830178, 1.844009349997572, 0.3950710009584939]
[array([-5.55029531, 17.57826815]), 2.46873000423536, 2.066708119461027, 0.43395519136367566]
[array([-5.67215796, 17.67860056]), 2.462736369051086, 2.113413713063289, 0.4279615561794019]
[array([-5.77186375, 17.74883324]), 2.5121715983833495, 2.371376221386022, 0.4773967855116652]
[array([-5.87156958, 17.84916568]), 2.416937184149503, 2.05509367523699, 0.3821623712778188]
[array([-5.93804015, 17.92943165]), 2.375943414277436, 1.9351649576479821, 0.34116860140575156]
[array([-6.05990282, 18.03979732]), 2.3537667372028204, 1.9237271479229434, 0.3189919243311361]
[array([-6.22607922, 18.22039573]), 2.307143058762595, 1.835887181336608, 0.2723682458909109]
[array([-6.31470666, 18.33076144]), 2.2937649355131335, 1.8198087903071938, 0.25899012264144927]
[array([-6.40333407, 18.42106064]), 2.299190640558808, 1.8826613396415472, 0.2644158276871238]
[array([-6.48088311, 18.54145962]), 2.2768052221056543, 1.8211702028836765, 0.24203040923397]
[array([-6.53627532, 18.65182537]), 2.2081883006951974, 1.6049806359082566, 0.17341348782351318]
[array([-6.61382435, 18.76219109]), 2.140385051782021, 1.4265841865522861, 0.10561023891033683]
[array([-6.69137339, 18.88259007]), 2.160135023064664, 1.5011174931773927, 0.1253602101929796]
[array([-6.72460879, 19.00298911]), 2.0152100378289877, 1.063076903237484, -0.019564775042696603]
[array([-6.79107949, 19.16352113]), 1.9267452321648522, 0.8100571001528853, -0.1080295807068321]
[array([-6.83539331, 19.28392015]), 1.9464075879190446, 0.844150819000294, -0.08836722495263971]
[array([-6.89078558, 19.43441892]), 1.9568289488827029, 0.8593655926360038, -0.0779458639889814]
[array([-6.92402106, 19.60498424]), 1.8650352767362384, 0.5647398079024576, -0.1697395361354459]
[array([-6.9683349 , 19.73541652]), 1.87376192299621, 0.5738833420466662, -0.16101288987547435]
[array([-7.00157038, 19.90598184]), 1.8505104721682162, 0.4557267780459024, -0.1842643407034681]
[array([-7.02372745, 20.06651391]), 1.7396595499192256, 0.10177660680418853, -0.2951152629524587]
[array([-7.05696317, 20.38757809]), 1.6889661127292, -0.15635064610109348, -0.3458087001424843]
[array([-7.05696343, 20.55814345]), 1.6233047318740712, -0.42782161626853615, -0.41147008099761306]
[array([-7.0680421 , 20.71867555]), 1.63476404014389, -0.4654195736524766, -0.4000107727277942]
[array([-7.05696394, 20.87920768]), 1.5602515710531222, -0.7824265229322717, -0.4745232418185621]
[array([-7.0458858 , 21.04977306]), 1.5338881981688226, -0.9672289863746337, -0.5008866147028617]
[array([-7.01265082, 21.21030523]), 1.4640015497275405, -1.3217113370235252, -0.5707732631441438]
[array([-6.94618063, 21.3808707 ]), 1.3676761301782723, -1.8728087960743203, -0.667098682693412]
[array([-6.90186727, 21.55143614]), 1.320552589440276, -2.226881444229691, -0.7142222234314082]
[array([-6.85755392, 21.73203484]), 1.3072488172169494, -2.452699929623279, -0.7275259956547349]
[array([-6.79108374, 21.90260032]), 1.2655303866394543, -2.8557250287854954, -0.76924442623223]
[array([-6.72461354, 22.06313255]), 1.2265638166935784, -3.2772515401455125, -0.8082109961781059]
[array([-6.68030019, 22.23369799]), 1.255021933746121, -3.264434830952513, -0.7797528791255632]
[array([-6.63598681, 22.39423019]), 1.2917445338727083, -3.2039167680117453, -0.743030278998976]
[array([-6.58059503, 22.5547624 ]), 1.2693470726477156, -3.5029303778103937, -0.7654277402239686]
[array([-6.5695169 , 22.71529453]), 1.3543137148920787, -3.130074317977489, -0.6804610979796055]
[array([-6.55843871, 22.8457269 ]), 1.3847688376747542, -3.0578724575071012, -0.65000597519693]
[array([-6.53628222, 23.03635882]), 1.4260057319116235, -2.986348983502622, -0.6087690809600608]
[array([-6.52520404, 23.16679119]), 1.4481633848973925, -2.957358977318757, -0.5866114279742918]
[array([-6.53628271, 23.31729003]), 1.5292238057428678, -2.6617458826220153, -0.5055510071288165]
[array([-6.51412614, 23.45775567]), 1.5011891055668587, -2.8761167869225432, -0.5335857073048256]
[array([-6.53628321, 23.59822123]), 1.5744484282546947, -2.613576841163096, -0.4603263846169896]
[array([-6.54736211, 23.86911916]), 1.6065333394928818, -2.60512947404237, -0.4282414733788025]
[array([-6.55844081, 24.02965126]), 1.6241691934525841, -2.606787093127784, -0.4106056194191001]
[array([-6.59167626, 24.15005028]), 1.6890242321932916, -2.3869708162591086, -0.3457505806783927]
[array([-6.61383336, 24.3005491 ]), 1.716742853241765, -2.3368866041616028, -0.31803195962991926]
[array([-6.62491206, 24.4610812 ]), 1.7048725199331003, -2.4453174590284736, -0.329902292938584]
[array([-6.66922595, 24.59151346]), 1.7428095201532248, -2.3197638265469473, 0.6661815631711479]
[array([-6.72461826, 24.73197896]), 1.8258069074025631, -2.0709958697039417, -0.20896790546912114]
[array([-6.74677536, 24.88247778]), 1.8181503225069897, -1.9713658931749585, 0.7415223655249128]
[array([-6.8021677 , 25.03297653]), 1.840081955354625, -1.7820926162020219, 0.7634539983725481]
[array([-6.85756002, 25.17344202]), 1.9140404569408096, -1.5378886603982937, 0.8374124999587327]
[array([-6.97942307, 25.45437299]), 1.8943208543871521, -1.2081525465624527, 0.8176928974050752]
[array([-7.03481538, 25.58480522]), 1.976645766275697, -0.9113234659074049, 0.9000178092936202]
[array([-7.11236454, 25.73530393]), 1.9957908064395982, -0.6492873714927819, 0.9191628494575212]
[array([-7.16775687, 25.87576941]), 2.004597039713461, -0.4454855605555015, 0.927969082731384]
[array([-7.25638437, 25.98613506]), 2.0890615507320254, -0.00656312949156097, 1.0124335937499485]
[array([-7.34501195, 26.13663374]), 2.110785314865749, 0.35298881611802624, 1.034157357883672]
[array([-7.41148263, 26.24699943]), 2.118572450389372, 0.5960824522506561, 1.041944493407295]
[array([-7.52226699, 26.37743155]), 2.1842731011526704, 1.2283716431683374, 1.1076451441705935]
[array([-7.62197287, 26.46773066]), 2.2593892796317037, 2.020415422377748, 1.1827613226496267]
[array([-7.71060038, 26.5780963 ]), 2.2544873478945524, 2.319283606706544, 1.1778593909124755]
[array([-7.81030627, 26.67842867]), 2.319689881689332, 3.3809112108493244, 1.2430619247072552]
[array([-7.91001213, 26.75869451]), 2.351592056954835, 4.2591153929940475, 1.2749640999727583]
[array([-8.02079642, 26.8489936 ]), 2.4259113180974077, 6.4051055700791, 0.995673469518068]
[array([-8.22020821, 27.04965831]), 2.3689751872388487, 6.0609575372948346, 1.2923472302567718]
[array([-8.33099248, 27.12992413]), 2.434889815368442, 7.171280493277673, 1.0046519667891025]
[array([-8.41962004, 27.26035628]), 2.305881011180478, 5.6369920493766354, 1.2292530541984013]
[array([-8.50824753, 27.36068865]), 2.3193195228220587, 6.1295155046080145, 0.889081674242719]
[array([-8.60795347, 27.48108752]), 2.293238544210732, 6.05009068947536, 0.8630006956313925]
[array([-8.69658099, 27.59145315]), 2.2637608058091736, 5.924765895169632, 0.8335229572298339]
[array([-8.77413013, 27.72188531]), 2.195580391244641, 5.267008426090829, 1.1189524342625643]
[array([-8.8738361 , 27.85231742]), 2.180298113781254, 5.396335136649132, 1.103670156799177]
[array([-8.94030684, 27.9827496 ]), 2.1223563242076957, 4.940139827158398, 1.0457283672256188]
[array([-8.99569919, 28.12321506]), 2.0505054822262188, 4.418182700899046, 0.9738775252441418]
[array([-9.09540514, 28.24361392]), 2.1147897983015245, 5.36864260502258, 1.0381618413194476]
[array([-9.12864072, 28.40414593]), 1.9927071587171745, 4.338831449796535, 0.9160792017350976]
[array([-9.16187625, 28.54461143]), 1.8910982784562698, 3.724638163773113, 0.8144703214741928]
[array([-9.21726863, 28.69511014]), 1.9301966207606707, 4.182792027936808, 0.8535686637785938]
[array([-9.25050419, 28.8456089 ]), 1.8766363057413196, 3.939490661312908, 0.8000083487592426]
[array([-9.28373966, 28.95597464]), 1.833064335498206, 3.773738759413084, 0.756436378516129]
[array([-9.31697529, 29.13657316]), 1.7982289598918004, 3.7090177015268244, 0.7216010029097235]
[array([-9.35021085, 29.28707191]), 1.7814076510940051, 3.7444629593665515, 0.7047796941119282]
[array([-9.36128957, 29.42753746]), 1.7148430623509687, 3.4667850926312735, 0.6382151053688918]
[array([-9.37236873, 29.75863486]), 1.6293056974412028, 3.230298408254998, 0.5526777404591259]
[array([-9.36129063, 29.89910045]), 1.58629834121111, 3.104807246188255, 0.5096703842290331]
[array([-9.36129097, 30.04959928]), 1.5711672092609446, 3.1123220511709717, 0.49453925227886764]
[array([-9.35021295, 30.22016464]), 1.539343573811781, 3.0543867343843285, 0.4627156168297042]
[array([-9.33913488, 30.3706635 ]), 1.5087636599875887, 2.992538127926748, 0.43213570300551174]
[array([-9.29482156, 30.51112917]), 1.4065617168468556, 2.6263593154022926, 0.3299337598647787]
[array([-9.28374353, 30.67166128]), 1.4289181628344267, 2.7786804739954842, 0.3522902058523498]
[array([-9.22835182, 30.82216024]), 1.365648057587455, 2.5660744346051696, 0.2890201006053781]
[array([-9.19511694, 30.97265915]), 1.347591230212172, 2.552761149693342, 0.27096327323009506]
[array([-9.15080365, 31.12315808]), 1.313464458282077, 2.4655660943189543, 0.2368365013]
[array([-9.09541195, 31.27365704]), 1.2541569485688329, 2.294201681738371, 0.17752899158675595]
[array([-9.04002021, 31.40408949]), 1.2168425072928946, 2.192999088529639, 0.14021455031081764]
[array([-8.98462852, 31.55458846]), 1.208460214494342, 2.19056086446554, 0.13183225751226502]
[array([-8.91815836, 31.68502094]), 1.1541488842978573, 2.0252873611059474, 0.07752092731578042]
[array([-8.81845306, 31.84555327]), 1.080168042497247, 1.8005595885814263, -0.3500698060820926]
[array([-8.75198291, 31.97598575]), 1.05635389751841, 1.6947256878622166, -0.37388395106092975]
[array([-8.65227753, 32.10641831]), 1.0053522351824824, 1.4968520284869882, -0.42488561339685726]
[array([-8.56365058, 32.24688411]), 0.9960883765787462, 1.4057966456380386, -0.4341494720005935]
[array([-8.35316132, 32.46761625]), 0.9397505445877711, 1.0837700393809724, -0.4904873039915686]
[array([-8.26453436, 32.5980488 ]), 0.8874381399835957, 0.8904738301469441, -0.542799708595744]
[array([-8.14267209, 32.69838166]), 0.7939975751549494, 0.5479863885337309, -0.6362402734243903]
[array([-8.03188826, 32.80874775]), 0.7732852293227569, 0.37694188251815336, -0.6569526192565828]
[array([-7.89894756, 32.89904739]), 0.6986463983941441, 0.026510278272363935, -0.7315914501851956]
[array([-7.77708529, 32.99938026]), 0.6943305482198128, -0.12902137681372955, -0.7359073003595269]
[array([-7.655223  , 33.08967987]), 0.6525281673052963, -0.4040302689510788, -0.7777096812740434]
[array([-7.53336069, 33.16994623]), 0.6101243459305432, -0.7051485074673925, -0.8201135026487965]
[array([-7.40042001, 33.27027913]), 0.613071334372536, -0.8646787490387232, -0.8171665142068036]
[array([-7.23424401, 33.33047908]), 0.5002391143566813, -1.5832791173358487, -0.9299987342226583]
[array([-7.10130326, 33.40071222]), 0.45875961935378423, -2.015918368075458, -0.9714782292255555]
[array([-6.93512725, 33.46091218]), 0.39242576313786137, -2.7330048336932053, -1.0378120854414783]
[array([-6.75787278, 33.50104566]), 0.316614943616535, -3.7612919861331933, -1.1136229049628046]
[array([-6.4255207 , 33.59134581]), 0.27704745680919785, -4.989606683646289, -1.1531903917701418]
[array([-6.25934462, 33.62144601]), 0.24135425187543724, -5.967959091687035, -1.1888835967039024]
[array([-6.09316856, 33.66157946]), 0.2194960973893104, -6.8277023012469344, -1.2107417511900294]
[array([-5.93807094, 33.71174614]), 0.2545740737617426, -6.528121201493377, -1.175663774817597]
[array([-5.78297332, 33.76191283]), 0.2823670458363508, -6.407702804118752, -1.147870802742989]
[array([-5.65003258, 33.83214597]), 0.35811363724120426, -5.558090277797348, -1.0721242113381355]
[array([-5.50601337, 33.88231263]), 0.3512414033114764, -5.934403923339051, -1.0789964452678633]
[array([-5.38415101, 33.94251249]), 0.40151718321149954, -5.519033870369901, -1.0287206653678402]
[array([-5.27336716, 34.04284536]), 0.5621045786216476, -4.15186145680168, -0.868133269957692]
[array([-5.1515048 , 34.10304522]), 0.5289443700313063, -4.5923791176571145, -0.9012934785480333]
[array([-5.02964249, 34.18331161]), 0.5320924204031292, -4.742011660447392, -0.8981454281762105]
[array([-4.90778016, 34.25354473]), 0.5479066742225237, -4.789675786054289, -0.882331174356816]
[array([-4.79699623, 34.32377783]), 0.5430864238943667, -4.984940088381671, -0.887151424684973]
[array([-4.65297711, 34.40404427]), 0.5295641364486894, -5.319665498844936, -0.9006737121306503]
[array([-4.53111477, 34.4742774 ]), 0.5083988776756049, -5.70424233936094, -0.9218389709037348]
[array([-4.25415485, 34.60471049]), 0.46000648257140886, -6.6988720361701715, -0.9702313660079308]
[array([-4.12121411, 34.67494365]), 0.458661357316897, -6.931836801655639, -0.9715764912624427]
[array([-3.97719496, 34.74517684]), 0.45066251335500684, -7.269264564259384, -0.9795753352243328]
[array([-3.84425419, 34.80537675]), 0.4267677341647277, -7.837831872351176, -1.003470114414612]
