[array([0.01, 0.93]), 1.6325109946124903, -0.30889245222164136, -0.06576922765738291]
[array([-0.  ,  1.25]), 1.602265660405905, -0.42261768319169873, -0.09601456186396828]
[array([-0.01,  1.4 ]), 1.6273263195365162, -0.36382919507131256, -0.070953902733357]
[array([-0.01,  1.4 ]), 1.6273263195365162, -0.36382919507131256, -0.070953902733357]
[array([-0.02,  1.55]), 1.6206305383941648, -0.39186781228460266, -0.07764968387570836]
[array([-0.02,  1.55]), 1.6206305383941648, -0.39186781228460266, -0.07764968387570836]
[array([-0.01,  1.67]), 1.5807598878957558, -0.5323931078704323, -0.11752033437411735]
[array([-0.02,  1.78]), 1.6155011902554792, -0.4361020792420861, -0.08277903201439396]
[array([-0.02,  1.78]), 1.6155011902554792, -0.4361020792420861, -0.08277903201439396]
[array([-0.02,  1.89]), 1.600320665487483, -0.49828860626710825, -0.0979595567823901]
[array([-0.02,  1.89]), 1.600320665487483, -0.49828860626710825, -0.0979595567823901]
[array([-0.01,  1.97]), 1.5495504338103692, -0.6591448176758935, -0.14872978845950402]
[array([-0.02,  2.07]), 1.587268220676443, -0.5542937413762206, -0.11101200159343017]
[array([-0.02,  2.07]), 1.587268220676443, -0.5542937413762206, -0.11101200159343017]
[array([-0.02,  2.15]), 1.5764253626984286, -0.5943513644609446, -0.1218548595714446]
[array([-0.02,  2.15]), 1.5764253626984286, -0.5943513644609446, -0.1218548595714446]
[array([-0.01,  2.22]), 1.5156105866431622, -0.794570610053586, -0.182669635626711]
[array([-0.01,  2.22]), 1.5156105866431622, -0.794570610053586, -0.182669635626711]
[array([-0.  ,  2.31]), 1.5192836320539849, -0.8043293021638934, -0.17899659021588832]
[array([-0.  ,  2.31]), 1.5192836320539849, -0.8043293021638934, -0.17899659021588832]
[array([-0.  ,  2.39]), 1.5367196458143333, -0.7650202276253109, -0.1615605764555399]
[array([-0.  ,  2.39]), 1.5367196458143333, -0.7650202276253109, -0.1615605764555399]
[array([-0.  ,  2.49]), 1.550616131851637, -0.7361729636211574, -0.14766409041823625]
[array([-0.  ,  2.49]), 1.550616131851637, -0.7361729636211574, -0.14766409041823625]
[array([0.01, 2.59]), 1.5379923399048867, -0.7914706838454172, -0.16028788236498648]
[array([-0.  ,  2.69]), 1.6065858739033672, -0.6008026247976951, -0.09169434836650603]
[array([-0.01,  2.81]), 1.6126711388733705, -0.5842725434593181, -0.08560908339650264]
[array([-0.01,  2.81]), 1.6126711388733705, -0.5842725434593181, -0.08560908339650264]
[array([-0.  ,  2.94]), 1.5890687023328003, -0.6792725606205086, -0.1092115199370729]
[array([-0.  ,  2.94]), 1.5890687023328003, -0.6792725606205086, -0.1092115199370729]
[array([-0.03,  3.06]), 1.6660550011053454, -0.4480948888318609, -0.03222522116452775]
[array([-0.03,  3.06]), 1.6660550011053454, -0.4480948888318609, -0.03222522116452775]
[array([-0.06,  3.2 ]), 1.7021325275403942, -0.33907679514943867, 0.0038523052705210503]
[array([-0.08,  3.32]), 1.7597259493952548, -0.17064827993318676, 0.061445727125381655]
[array([-0.08,  3.32]), 1.7597259493952548, -0.17064827993318676, 0.061445727125381655]
[array([-0.1 ,  3.45]), 1.7252262006040078, -0.26497354631653464, 0.02694597833413459]
[array([-0.13,  3.58]), 1.7519587106251049, -0.18241212516302116, 0.0536784883552317]
[array([-0.13,  3.58]), 1.7519587106251049, -0.18241212516302116, 0.0536784883552317]
[array([-0.17,  3.71]), 1.808434772692838, 0.004813677362786723, 0.11015455042296485]
[array([-0.17,  3.71]), 1.808434772692838, 0.004813677362786723, 0.11015455042296485]
[array([-0.2 ,  3.84]), 1.8018014743377082, -0.005201438302493774, 0.10352125206783502]
[array([-0.23,  3.96]), 1.8244741739857404, 0.0799678120156778, 0.12619395171586723]
[array([-0.23,  3.96]), 1.8244741739857404, 0.0799678120156778, 0.12619395171586723]
[array([-0.29,  4.09]), 1.8655035485745481, 0.23796165172797504, 0.16722332630467496]
[array([-0.29,  4.09]), 1.8655035485745481, 0.23796165172797504, 0.16722332630467496]
[array([-0.33,  4.22]), 1.8874967915447791, 0.32118114756427596, 0.18921656927490593]
[array([-0.33,  4.22]), 1.8874967915447791, 0.32118114756427596, 0.18921656927490593]
[array([-0.39,  4.34]), 1.9559524445323513, 0.5663098029113379, 0.2576722222624781]
[array([-0.45,  4.47]), 1.98335673178254, 0.6909823189139713, 0.28507650951266683]
[array([-0.45,  4.47]), 1.98335673178254, 0.6909823189139713, 0.28507650951266683]
[array([-0.53,  4.61]), 2.051807148782356, 0.9651797088023341, 0.35352692651248274]
[array([-0.53,  4.61]), 2.051807148782356, 0.9651797088023341, 0.35352692651248274]
[array([-0.62,  4.72]), 2.1249287649922097, 1.285033339167246, 0.42664854272233654]
[array([-0.7 ,  4.85]), 2.126989649772965, 1.3543493937820543, 0.4287094275030916]
[array([-0.79,  4.97]), 2.1664784222310374, 1.5746185309752045, 0.4681981999611642]
[array([-0.79,  4.97]), 2.1664784222310374, 1.5746185309752045, 0.4681981999611642]
[array([-0.89,  5.1 ]), 2.1929929406285598, 1.7630937922769645, 0.4947127183586866]
[array([-0.89,  5.1 ]), 2.1929929406285598, 1.7630937922769645, 0.4947127183586866]
[array([-0.96,  5.23]), 2.1418293117380465, 1.6394644731943853, 0.4435490894681733]
[array([-1.05,  5.34]), 2.20764759769293, 1.9715386371511439, 0.5093673754230568]
[array([-1.05,  5.34]), 2.20764759769293, 1.9715386371511439, 0.5093673754230568]
[array([-1.15,  5.46]), 2.194071554106292, 2.01020289032026, 0.4957913318364189]
[array([-1.15,  5.46]), 2.194071554106292, 2.01020289032026, 0.4957913318364189]
[array([-1.22,  5.59]), 2.1470602380391988, 1.8895427245765106, 0.4487800157693256]
[array([-1.22,  5.59]), 2.1470602380391988, 1.8895427245765106, 0.4487800157693256]
[array([-1.3 ,  5.71]), 2.142224105214848, 1.942772899065237, 0.4439438829449749]
[array([-1.3 ,  5.71]), 2.142224105214848, 1.942772899065237, 0.4439438829449749]
[array([-1.37,  5.84]), 2.1165216885182785, 1.9115624701509832, 0.4182414662484053]
[array([-1.42,  5.97]), 2.0217145308853204, 1.6149105887217972, 0.3234343086154472]
[array([-1.42,  5.97]), 2.0217145308853204, 1.6149105887217972, 0.3234343086154472]
[array([-1.48,  6.09]), 2.031880724712337, 1.6923015449412118, 0.33360050244246375]
[array([-1.48,  6.09]), 2.031880724712337, 1.6923015449412118, 0.33360050244246375]
[array([-1.54,  6.23]), 1.992157729068647, 1.609954166666722, 0.2938775067987738]
[array([-1.6 ,  6.36]), 1.9724629101903672, 1.5929869191125658, 0.27418268792049405]
[array([-1.6 ,  6.36]), 1.9724629101903672, 1.5929869191125658, 0.27418268792049405]
[array([-1.64,  6.5 ]), 1.9424771064435533, 1.513078673435695, 0.24419688417368013]
[array([-1.64,  6.5 ]), 1.9424771064435533, 1.513078673435695, 0.24419688417368013]
[array([-1.68,  6.64]), 1.887996479309625, 1.3756059111006584, 0.18971625703975192]
[array([-1.68,  6.64]), 1.887996479309625, 1.3756059111006584, 0.18971625703975192]
[array([-1.72,  6.79]), 1.8758952389409227, 1.3579418394121516, 0.21014720580326962]
[array([-1.75,  6.94]), 1.8147767755958095, 1.185661783643991, 0.14902874245815645]
[array([-1.75,  6.94]), 1.8147767755958095, 1.185661783643991, 0.14902874245815645]
[array([-1.77,  7.08]), 1.7704480305890313, 1.0633598969950369, 0.10469999745137826]
[array([-1.79,  7.23]), 1.7551420166478173, 1.0267745968271034, 0.08939398351016425]
[array([-1.79,  7.23]), 1.7551420166478173, 1.0267745968271034, 0.08939398351016425]
[array([-1.81,  7.37]), 1.712385987830011, 0.9113138220380702, 0.046637954692357875]
[array([-1.81,  7.37]), 1.712385987830011, 0.9113138220380702, 0.046637954692357875]
[array([-1.81,  7.52]), 1.6564443455792384, 0.7402615705210358, 0.03352136973869557]
[array([-1.83,  7.68]), 1.6564443455792384, 0.7601970880374173, 0.03352136973869557]
[array([-1.83,  7.68]), 1.6677172526849446, 0.792392647136277, 0.04479427684440185]
[array([-1.83,  7.82]), 1.6229155234508759, 0.6556962310892098, -7.452389666928738e-06]
[array([-1.83,  7.82]), 1.6229155234508759, 0.6556962310892098, -7.452389666928738e-06]
[array([-1.82,  7.98]), 1.5670531191481443, 0.47959390743853436, -0.05586985669239852]
[array([-1.82,  7.98]), 1.5670531191481443, 0.47959390743853436, -0.05586985669239852]
[array([-1.82,  8.12]), 1.598201137643861, 0.5662835391561594, -0.024721838196681833]
[array([-1.82,  8.12]), 1.598201137643861, 0.5662835391561594, -0.024721838196681833]
[array([-1.77,  8.27]), 1.4619654486221634, 0.12876228548071902, -0.16095752721837941]
[array([-1.76,  8.41]), 1.4563306531321003, 0.09323059692434957, -0.1665923227084425]
[array([-1.76,  8.41]), 1.4563306531321003, 0.09323059692434957, -0.1665923227084425]
[array([-1.74,  8.57]), 1.4558313144331045, 0.062201307484676754, -0.16709166140743825]
[array([-1.74,  8.57]), 1.4558313144331045, 0.062201307484676754, -0.16709166140743825]
[array([-1.71,  8.71]), 1.3956544562194424, -0.13628400417829006, -0.20738875301070792]
[array([-1.71,  8.71]), 1.3956544562194424, -0.13628400417829006, -0.20738875301070792]
[array([-1.66,  8.85]), 1.357076396565061, -0.30623152912903856, -0.24596681266508935]
[array([-1.62,  9.  ]), 1.3374979911478886, -0.40410309805262074, -0.2655452180822617]
[array([-1.62,  9.  ]), 1.3374979911478886, -0.40410309805262074, -0.2655452180822617]
[array([-1.57,  9.13]), 1.2963227070336147, -0.5841729569988054, -0.30672050219653557]
[array([-1.57,  9.13]), 1.2963227070336147, -0.5841729569988054, -0.30672050219653557]
[array([-1.52,  9.28]), 1.2573493303036556, -0.7548444461266441, -0.3456938789264947]
[array([-1.46,  9.42]), 1.24226549677622, -0.8726687036590902, -0.3607777124539304]
[array([-1.46,  9.42]), 1.24226549677622, -0.8726687036590902, -0.3607777124539304]
[array([-1.37,  9.55]), 1.1356656729863122, -1.3255134560622515, -0.46737753624383815]
[array([-1.3 ,  9.69]), 1.0858895808511344, -1.5889217812061436, -0.5152005058625373]
[array([-1.3 ,  9.69]), 1.0858895808511344, -1.5889217812061436, -0.5152005058625373]
[array([-1.21,  9.82]), 1.0472090703696606, -1.8468336605085693, -0.5538810163440111]
[array([-1.21,  9.82]), 1.0472090703696606, -1.8468336605085693, -0.5538810163440111]
[array([-1.12,  9.94]), 1.0189541096420491, -2.064154364182181, -0.5821359770716226]
[array([-1.12,  9.94]), 1.0189541096420491, -2.064154364182181, -0.5821359770716226]
[array([-1.04, 10.06]), 0.9990376339487668, -2.254330639252998, -0.6020524527649049]
[array([-0.94, 10.18]), 0.9485763255492557, -2.6094305167598257, -0.652513761164416]
[array([-0.94, 10.18]), 0.9485763255492557, -2.6094305167598257, -0.652513761164416]
[array([-0.86, 10.3 ]), 0.9763520188642691, -2.588975727834194, -0.6657517727159179]
[array([-0.86, 10.3 ]), 0.9763520188642691, -2.588975727834194, -0.6657517727159179]
[array([-0.79, 10.43]), 1.008367291465302, -2.531333617282826, -0.6337365001148851]
[array([-0.79, 10.43]), 1.008367291465302, -2.531333617282826, -0.6337365001148851]
[array([-0.71, 10.55]), 1.0078848824600513, -2.6492685393805857, -0.6342189091201358]
[array([-0.64, 10.69]), 1.0565355862935422, -2.5229678377752895, -0.5855682052866449]
[array([-0.64, 10.69]), 1.0565355862935422, -2.5229678377752895, -0.5855682052866449]
[array([-0.57, 10.82]), 1.0656769227837883, -2.5771521228910275, -0.5764268687963987]
[array([-0.57, 10.82]), 1.0656769227837883, -2.5771521228910275, -0.5764268687963987]
[array([-0.5 , 10.94]), 1.089243231008841, -2.5679365959805724, -0.5528605605713461]
[array([-0.45, 11.07]), 1.147074541240748, -2.386186596556788, -0.4950292503394391]
[array([-0.45, 11.07]), 1.147074541240748, -2.386186596556788, -0.4950292503394391]
[array([-0.39, 11.2 ]), 1.1526143908195041, -2.447886977443736, -0.4894894007606829]
[array([-0.39, 11.2 ]), 1.1526143908195041, -2.447886977443736, -0.4894894007606829]
[array([-0.33, 11.34]), 1.170776112482831, -2.444557426233835, -0.47132767909735596]
[array([-0.33, 11.34]), 1.170776112482831, -2.444557426233835, -0.47132767909735596]
[array([-0.29, 11.47]), 1.224112850825002, -2.2898683269457067, -0.41799094075518495]
[array([-0.29, 11.47]), 1.224112850825002, -2.2898683269457067, -0.41799094075518495]
[array([-0.24, 11.61]), 1.2501329174454352, -2.261171279642133, -0.39197087413475185]
[array([-0.24, 11.61]), 1.2501329174454352, -2.261171279642133, -0.39197087413475185]
[array([-0.21, 11.76]), 1.2845862404785784, -2.1827173335648244, -0.35751755110160865]
[array([-0.18, 11.9 ]), 1.3339879594892032, -2.048637254802546, -0.3081158320909838]
[array([-0.18, 11.9 ]), 1.3339879594892032, -2.048637254802546, -0.3081158320909838]
[array([-0.16, 12.05]), 1.3618420180876307, -1.989479577965016, -0.2802617734925563]
[array([-0.16, 12.05]), 1.3618420180876307, -1.989479577965016, -0.2802617734925563]
[array([-0.14, 12.2 ]), 1.4285005055444244, -1.8028194411268816, -0.21360328603576262]
[array([-0.14, 12.2 ]), 1.4285005055444244, -1.8028194411268816, -0.21360328603576262]
[array([-0.12, 12.35]), 1.4504560494028127, -1.7662800052441463, -0.19164774217737435]
[array([-0.1 , 12.49]), 1.4440196241873078, -1.816412873470986, -0.21184224257623363]
[array([-0.1 , 12.49]), 1.4440196241873078, -1.816412873470986, -0.21184224257623363]
[array([-0.09, 12.63]), 1.45855315540159, -1.7922953997001083, -0.19730871136195138]
[array([-0.09, 12.63]), 1.45855315540159, -1.7922953997001083, -0.19730871136195138]
[array([-0.09, 12.78]), 1.5453684503896652, -1.5412246284247653, -0.11049341637387622]
[array([-0.08, 12.93]), 1.5192497726664953, -1.6453658815083763, -0.1366120940970461]
[array([-0.08, 12.93]), 1.5192497726664953, -1.6453658815083763, -0.1366120940970461]
[array([-0.1 , 13.08]), 1.6344898489184017, -1.3057797845633523, -0.021372017845139757]
[array([-0.1 , 13.08]), 1.6344898489184017, -1.3057797845633523, -0.021372017845139757]
[array([-0.12, 13.23]), 1.6670749715202104, -1.198495556327542, 0.011213104756669035]
[array([-0.12, 13.23]), 1.6670749715202104, -1.198495556327542, 0.011213104756669035]
[array([-0.12, 13.39]), 1.6313726908743396, -1.313837444312559, -0.024489175889201853]
[array([-0.12, 13.39]), 1.6313726908743396, -1.313837444312559, -0.024489175889201853]
[array([-0.16, 13.54]), 1.7136857345239715, -1.0649730348594932, 0.05782386776043014]
[array([-0.19, 13.71]), 1.7558877958371946, -0.9344416475566659, 0.10002592907365315]
[array([-0.19, 13.71]), 1.7558877958371946, -0.9344416475566659, 0.10002592907365315]
[array([-0.2 , 13.86]), 1.7162707416790999, -1.0379944647493662, 0.060408874915558464]
[array([-0.2 , 13.86]), 1.7162707416790999, -1.0379944647493662, 0.060408874915558464]
[array([-0.25, 14.01]), 1.8193544251579403, -0.7273599767167753, 0.1634925583943989]
[array([-0.3 , 14.16]), 1.8460344007685516, -0.6170335559129099, 0.17696412071764578]
[array([-0.34, 14.3 ]), 1.8633030374536337, -0.5526300949335194, 0.19423275740272783]
[array([-0.34, 14.3 ]), 1.8633030374536337, -0.5526300949335194, 0.19423275740272783]
[array([-0.4 , 14.44]), 1.9020961216718613, -0.3972132171365519, 0.2330258416209554]
[array([-0.4 , 14.44]), 1.9020961216718613, -0.3972132171365519, 0.2330258416209554]
[array([-0.45, 14.57]), 1.9335621391572917, -0.2721591099372895, 0.26449185910638584]
[array([-0.52, 14.71]), 1.955835682005393, -0.15639085435006972, 0.2867654019544872]
[array([-0.52, 14.71]), 1.955835682005393, -0.15639085435006972, 0.2867654019544872]
[array([-0.58, 14.84]), 1.9786185119292259, -0.03929917013276185, 0.30954823187832003]
[array([-0.58, 14.84]), 1.9786185119292259, -0.03929917013276185, 0.30954823187832003]
[array([-0.65, 14.98]), 2.0365412774139378, 0.1757940314694197, 0.3674709973630319]
[array([-0.65, 14.98]), 2.0365412774139378, 0.1757940314694197, 0.3674709973630319]
[array([-0.72, 15.12]), 2.0273226228378287, 0.21724331568893612, 0.35825234278692286]
[array([-0.81, 15.25]), 2.089035370793246, 0.4787416650150893, 0.41996509074234]
[array([-0.81, 15.25]), 2.089035370793246, 0.4787416650150893, 0.41996509074234]
[array([-0.9 , 15.37]), 2.1621402318422804, 0.7941917030833052, 0.5098918607415128]
[array([-1.01, 15.5 ]), 2.219935239225746, 1.0957190482908852, 0.5676868681249783]
[array([-1.12, 15.62]), 2.274269956834207, 1.4174204733687426, 0.6220215857334392]
[array([-1.12, 15.62]), 2.274269956834207, 1.4174204733687426, 0.6220215857334392]
[array([-1.24, 15.74]), 2.315348898773772, 1.719291162411422, 0.6631005276730044]
[array([-1.24, 15.74]), 2.315348898773772, 1.719291162411422, 0.6631005276730044]
[array([-1.36, 15.85]), 2.36453925841198, 2.0739066154664876, 0.7122908873112124]
[array([-1.36, 15.85]), 2.36453925841198, 2.0739066154664876, 0.7122908873112124]
[array([-1.5 , 15.96]), 2.4006832818915305, 2.41706673431632, 0.7455802225704273]
[array([-1.62, 16.08]), 2.3853929759135837, 2.493400483511521, 0.7302899165924805]
[array([-1.62, 16.08]), 2.3853929759135837, 2.493400483511521, 0.7302899165924805]
[array([-1.73, 16.19]), 2.381919770702115, 2.6109753352933804, 0.7268167113810118]
[array([-1.73, 16.19]), 2.381919770702115, 2.6109753352933804, 0.7268167113810118]
[array([-1.84, 16.31]), 2.377934311355186, 2.7198884126885243, 0.7228312520340827]
[array([-1.95, 16.42]), 2.338628100336872, 2.652789718097059, 0.6835250410157689]
[array([-1.95, 16.42]), 2.338628100336872, 2.652789718097059, 0.6835250410157689]
[array([-2.04, 16.54]), 2.3048456818681946, 2.59009855898494, 0.6497426225470915]
[array([-2.04, 16.54]), 2.3048456818681946, 2.59009855898494, 0.6497426225470915]
[array([-2.14, 16.66]), 2.2840560179501392, 2.6063286816788955, 0.6289529586290361]
[array([-2.22, 16.79]), 2.2148956010106122, 2.3756637420640816, 0.5597925416895091]
[array([-2.22, 16.79]), 2.2148956010106122, 2.3756637420640816, 0.5597925416895091]
[array([-2.3 , 16.91]), 2.199600582643685, 2.3953539839101685, 0.5444975233225819]
[array([-2.3 , 16.91]), 2.199600582643685, 2.3953539839101685, 0.5444975233225819]
[array([-2.38, 17.03]), 2.177379923271919, 2.379024659476416, 0.522276863950816]
[array([-2.38, 17.03]), 2.177379923271919, 2.379024659476416, 0.522276863950816]
[array([-2.45, 17.17]), 2.087813116718074, 2.0964838089348223, 0.4327100573969709]
[array([-2.45, 17.17]), 2.087813116718074, 2.0964838089348223, 0.4327100573969709]
[array([-2.51, 17.29]), 2.0889643358926895, 2.157975982516267, 0.43386127657158635]
[array([-2.58, 17.42]), 2.066397054131478, 2.138062423667439, 0.41129399481037465]
[array([-2.58, 17.42]), 2.066397054131478, 2.138062423667439, 0.41129399481037465]
[array([-2.64, 17.56]), 2.004134876527533, 1.9602969749160095, 0.34903181720642973]
[array([-2.64, 17.56]), 2.004134876527533, 1.9602969749160095, 0.34903181720642973]
[array([-2.7, 17.7]), 1.9973319321691092, 2.0000686115699997, 0.3833969172781888]
[array([-2.7, 17.7]), 1.9973319321691092, 2.0000686115699997, 0.3833969172781888]
[array([-2.75, 17.84]), 1.9629672718619668, 1.9173437718789805, 0.34903225697104645]
[array([-2.79, 17.98]), 1.9148548275697903, 1.792185716279286, 0.3009198126788699]
[array([-2.79, 17.98]), 1.9148548275697903, 1.792185716279286, 0.3009198126788699]
[array([-2.84, 18.13]), 1.8691729287939411, 1.6906597170290822, 0.25523791390302075]
[array([-2.84, 18.13]), 1.8691729287939411, 1.6906597170290822, 0.25523791390302075]
[array([-2.87, 18.27]), 1.8518135349877551, 1.6558871510731072, 0.23787852009683474]
[array([-2.87, 18.27]), 1.8518135349877551, 1.6558871510731072, 0.23787852009683474]
[array([-2.9 , 18.42]), 1.800526511319126, 1.5222033125273555, 0.1865914964282056]
[array([-2.9 , 18.42]), 1.800526511319126, 1.5222033125273555, 0.1865914964282056]
[array([-2.92, 18.58]), 1.7733739005470748, 1.4500319331146372, 0.15943888565615438]
[array([-2.96, 18.72]), 1.757542018902234, 1.441338936966198, 0.14360700401131354]
[array([-2.96, 18.72]), 1.757542018902234, 1.441338936966198, 0.14360700401131354]
[array([-2.97, 18.87]), 1.7147824994259246, 1.3125449237605968, 0.10084748453500425]
[array([-2.97, 18.87]), 1.7147824994259246, 1.3125449237605968, 0.10084748453500425]
[array([-2.97, 19.02]), 1.6559223175999664, 1.140761885258987, 0.04198730270904605]
[array([-2.97, 19.02]), 1.6559223175999664, 1.140761885258987, 0.04198730270904605]
[array([-2.98, 19.17]), 1.6565769906023895, 1.1425818710331996, 0.042641975711469104]
[array([-2.99, 19.33]), 1.631007917060673, 1.0792485388168107, 0.017072902169752657]
[array([-2.99, 19.33]), 1.631007917060673, 1.0792485388168107, 0.017072902169752657]
[array([-2.98, 19.48]), 1.5889414678303297, 0.9406632077988103, -0.02499354706059065]
[array([-2.98, 19.48]), 1.5889414678303297, 0.9406632077988103, -0.02499354706059065]
[array([-2.98, 19.65]), 1.5550250080750998, 0.8462126250966606, -0.07951463125248415]
[array([-2.98, 19.65]), 1.5550250080750998, 0.8462126250966606, -0.07951463125248415]
[array([-2.96, 19.81]), 1.5242709103915577, 0.7316417467831375, -0.11026872893602624]
[array([-2.94, 19.95]), 1.4875654144916406, 0.6010001446317756, -0.14697422483594336]
[array([-2.94, 19.95]), 1.4875654144916406, 0.6010001446317756, -0.14697422483594336]
[array([-2.9 , 20.11]), 1.4266483621422084, 0.38407857776395055, -0.2078912771853756]
[array([-2.9 , 20.11]), 1.4266483621422084, 0.38407857776395055, -0.2078912771853756]
[array([-2.87, 20.24]), 1.389525208952289, 0.24292303550965896, -0.24501443037529502]
[array([-2.87, 20.24]), 1.389525208952289, 0.24292303550965896, -0.24501443037529502]
[array([-2.85, 20.4 ]), 1.3898580432406442, 0.21256940050745332, -0.24468159608693973]
[array([-2.85, 20.4 ]), 1.3898580432406442, 0.21256940050745332, -0.24468159608693973]
[array([-2.79, 20.54]), 1.3071989008003424, -0.08826762322001669, -0.32734073852724155]
[array([-2.74, 20.69]), 1.273399727170846, -0.24543810699205332, -0.361139912156738]
[array([-2.74, 20.69]), 1.273399727170846, -0.24543810699205332, -0.361139912156738]
[array([-2.69, 20.84]), 1.2901494774693107, -0.25928127626234415, -0.3443901618582732]
[array([-2.69, 20.84]), 1.2901494774693107, -0.25928127626234415, -0.3443901618582732]
[array([-2.63, 20.97]), 1.2058036488398811, -0.5826775693291777, -0.6244931417737047]
[array([-2.55, 21.12]), 1.1641339129485166, -0.8715526558759222, -0.6661628776650692]
[array([-2.55, 21.12]), 1.1641339129485166, -0.8715526558759222, -0.6661628776650692]
[array([-2.49, 21.26]), 1.1823251306762033, -0.9209239325599569, -0.6479716599373826]
[array([-2.49, 21.26]), 1.1823251306762033, -0.9209239325599569, -0.6479716599373826]
[array([-2.39, 21.39]), 1.083751028918666, -1.4695816945165276, -0.7465457616949198]
[array([-2.39, 21.39]), 1.083751028918666, -1.4695816945165276, -0.7465457616949198]
[array([-2.3 , 21.51]), 1.0196492742831185, -1.918099481563017, -0.8106475163304674]
[array([-2.3 , 21.51]), 1.0196492742831185, -1.918099481563017, -0.8106475163304674]
[array([-2.22, 21.63]), 0.9727775845561851, -2.5380365204575686, -1.1266432456150972]
[array([-2.12, 21.75]), 0.9257257768504453, -3.3423654422235995, -1.173695053320837]
[array([-2.12, 21.75]), 0.9257257768504453, -3.3423654422235995, -1.173695053320837]
[array([-2.02, 21.86]), 0.8932298405734136, -4.215199262737622, -1.2522661051636723]
[array([-2.02, 21.86]), 0.8932298405734136, -4.215199262737622, -1.2522661051636723]
[array([-1.92, 21.97]), 0.8675693117788923, -5.056902852884577, -1.2088080698902093]
[array([-1.92, 21.97]), 0.8675693117788923, -5.056902852884577, -1.2088080698902093]
[array([-1.82, 22.08]), 0.8735650413582682, -5.355048746097584, -1.2028123403108335]
[array([-1.72, 22.19]), 0.87331703007156, -5.7526748480689935, -1.2030603515975415]
[array([-1.72, 22.19]), 0.87331703007156, -5.7526748480689935, -1.2030603515975415]
[array([-1.62, 22.31]), 0.887581256982259, -5.899026350256168, -1.1887961246868426]
[array([-1.62, 22.31]), 0.887581256982259, -5.899026350256168, -1.1887961246868426]
[array([-1.53, 22.42]), 0.9015405748726344, -5.989698665764967, -1.126100744768259]
[array([-1.53, 22.42]), 0.9015405748726344, -5.989698665764967, -1.126100744768259]
[array([-1.45, 22.54]), 0.9485848776625907, -5.57605461062092, -1.1277925040065109]
[array([-1.45, 22.54]), 0.9485848776625907, -5.57605461062092, -1.1277925040065109]
[array([-1.36, 22.68]), 0.9740942609438898, -5.551988561612964, -1.1022831207252117]
[array([-1.29, 22.81]), 1.0128824582402118, -5.307624125850119, -1.0634949234288897]
[array([-1.29, 22.81]), 1.0128824582402118, -5.307624125850119, -1.0634949234288897]
[array([-1.21, 22.94]), 1.0394690587358415, -5.262275796555571, -1.03690832293326]
[array([-1.14, 23.07]), 1.0693419396800512, -5.162311956695305, -1.0070354419890504]
[array([-1.07, 23.2 ]), 1.0954588720739686, -5.1087236467910015, -0.9809185095951329]
[array([-1.07, 23.2 ]), 1.0954588720739686, -5.1087236467910015, -0.9809185095951329]
[array([-1.02, 23.34]), 1.1435978453707758, -4.825703159085754, -0.9327795362983258]
[array([-1.02, 23.34]), 1.1435978453707758, -4.825703159085754, -0.9327795362983258]
[array([-0.95, 23.47]), 1.1329619834420472, -5.144440336692933, -0.9434153982270543]
[array([-0.91, 23.6 ]), 1.1912772734755326, -4.769626987991161, -0.885100108193569]
[array([-0.91, 23.6 ]), 1.1912772734755326, -4.769626987991161, -0.885100108193569]
[array([-0.85, 23.74]), 1.2161834709673416, -4.739194821242689, -0.86019391070176]
[array([-0.85, 23.74]), 1.2161834709673416, -4.739194821242689, -0.86019391070176]
[array([-0.81, 23.88]), 1.233753002415468, -4.758073036147013, -0.8426243792536336]
[array([-0.76, 24.03]), 1.2775094539605174, -4.580642300880387, -0.7988679277085842]
[array([-0.76, 24.03]), 1.2775094539605174, -4.580642300880387, -0.7988679277085842]
[array([-0.74, 24.18]), 1.3307322223025333, -4.325345742670278, -0.7456451593665683]
[array([-0.74, 24.18]), 1.3307322223025333, -4.325345742670278, -0.7456451593665683]
[array([-0.71, 24.33]), 1.3699811865213811, -4.208366595551283, -0.7063961951477205]
[array([-0.69, 24.47]), 1.3914888788937074, -4.182614009716031, -0.6848885027753941]
[array([-0.69, 24.47]), 1.3914888788937074, -4.182614009716031, -0.6848885027753941]
[array([-0.66, 24.6 ]), 1.4149200986346566, -4.151787702723753, -0.661457283034445]
[array([-0.66, 24.6 ]), 1.4149200986346566, -4.151787702723753, -0.661457283034445]
[array([-0.65, 24.75]), 1.4514025414561684, -4.039719880391175, -0.6249748402129331]
[array([-0.65, 24.75]), 1.4514025414561684, -4.039719880391175, -0.6249748402129331]
[array([-0.64, 24.89]), 1.4700826259073385, -4.029821951005872, -0.6062947557617631]
[array([-0.65, 25.04]), 1.552481016157393, -3.671589984133596, -0.5238963655117086]
[array([-0.65, 25.04]), 1.552481016157393, -3.671589984133596, -0.5238963655117086]
[array([-0.64, 25.19]), 1.552481016157393, -3.7715720535316675, -0.5238963655117086]
[array([-0.64, 25.19]), 1.5352982496715084, -3.851273490491306, -0.5410791319975932]
[array([-0.64, 25.19]), 1.5352982496715084, -3.851273490491306, -0.5410791319975932]
[array([-0.64, 25.19]), 1.5352982496715084, -3.851273490491306, -0.5410791319975932]
[array([-0.66, 25.49]), 1.618334034164391, -3.601762080501296, -0.45804334750471054]
[array([-0.68, 25.66]), 1.6436512566950447, -3.557349971257865, -0.4327261249740568]
[array([-0.68, 25.66]), 1.6436512566950447, -3.557349971257865, -0.4327261249740568]
[array([-0.7 , 25.82]), 1.6645238237525706, -3.525092931940865, -0.36311749588832276]
[array([-0.7 , 25.82]), 1.6645238237525706, -3.525092931940865, -0.36311749588832276]
[array([-0.72, 25.97]), 1.6896359700961157, -3.47472328298086, -0.3380053495447777]
[array([-0.75, 26.12]), 1.755111473385907, -3.266621280341164, -0.27252984625498633]
[array([-0.75, 26.12]), 1.755111473385907, -3.266621280341164, -0.27252984625498633]
[array([-0.8 , 26.27]), 1.801564109559437, -3.1272845242525036, -0.22607721008145631]
[array([-0.8 , 26.27]), 1.801564109559437, -3.1272845242525036, -0.22607721008145631]
[array([-0.83, 26.42]), 1.8069355348653744, -3.1461605411964078, -0.22070578477551894]
[array([-0.83, 26.42]), 1.8069355348653744, -3.1461605411964078, -0.22070578477551894]
[array([-0.89, 26.55]), 1.8701284965594083, -2.9311934932107673, -0.15751282308148506]
[array([-0.89, 26.55]), 1.8701284965594083, -2.9311934932107673, -0.15751282308148506]
[array([-0.94, 26.7 ]), 1.900966893645821, -2.8544098001958798, -0.12667442599507228]
[array([-1.  , 26.84]), 1.9064596193347723, -2.8518588529781335, -0.12118170030612108]
[array([-1.  , 26.84]), 1.9064596193347723, -2.8518588529781335, -0.12118170030612108]
[array([-1.06, 26.98]), 1.9601504849821734, -2.6959325526408824, -0.06749083465871997]
[array([-1.12, 27.12]), 1.983998140282648, -2.634615316111974, -0.04364317935824524]
[array([-1.12, 27.12]), 1.983998140282648, -2.634615316111974, -0.04364317935824524]
[array([-1.19, 27.26]), 1.9945453394853752, -2.595120225254031, -0.03309598015551818]
[array([-1.19, 27.26]), 1.9945453394853752, -2.595120225254031, -0.03309598015551818]
[array([-1.26, 27.39]), 2.049985723174975, -2.4436024660834694, 0.022344403534081625]
[array([-1.26, 27.39]), 2.049985723174975, -2.4436024660834694, 0.022344403534081625]
[array([-1.34, 27.52]), 2.0821818118865143, -2.338614833142363, 0.054540492245620964]
[array([-1.34, 27.52]), 2.0821818118865143, -2.338614833142363, 0.054540492245620964]
[array([-1.42, 27.65]), 2.0917261449010454, -2.299606705498823, 0.06408482526015202]
[array([-1.51, 27.77]), 2.146887624976176, -2.1300169413148904, 0.1192463053352828]
[array([-1.51, 27.77]), 2.146887624976176, -2.1300169413148904, 0.1192463053352828]
[array([-1.61, 27.9 ]), 2.1842558223930757, -2.0044392889896376, 0.15661450275218236]
[array([-1.61, 27.9 ]), 2.1842558223930757, -2.0044392889896376, 0.15661450275218236]
[array([-1.71, 28.02]), 2.207078794889705, -1.9121194312775753, 0.17943747524881148]
[array([-1.79, 28.14]), 2.225621521928743, -1.8486259845026216, 0.19798020228784985]
[array([-1.79, 28.14]), 2.225621521928743, -1.8486259845026216, 0.19798020228784985]
[array([-1.92, 28.25]), 2.314779397838846, -1.5589525878828103, 0.2871380781979527]
[array([-1.92, 28.25]), 2.314779397838846, -1.5589525878828103, 0.2871380781979527]
[array([-2.02, 28.35]), 2.3285212477044235, -1.4846704389287384, 0.30087992806353014]
[array([-2.02, 28.35]), 2.3285212477044235, -1.4846704389287384, 0.30087992806353014]
[array([-2.13, 28.46]), 2.3549795665000315, -1.346893747778167, 0.5264120974708377]
[array([-2.13, 28.46]), 2.3549795665000315, -1.346893747778167, 0.5264120974708377]
[array([-2.25, 28.56]), 2.4065261206284316, -1.1412842485052146, 0.5779586515992379]
[array([-2.37, 28.67]), 2.4143591583113824, -1.0139679167823656, 0.5857916892821886]
[array([-2.37, 28.67]), 2.4143591583113824, -1.0139679167823656, 0.5857916892821886]
[array([-2.48, 28.76]), 2.4485800034881606, -0.8428098984493233, 0.6200125344589669]
[array([-2.48, 28.76]), 2.4485800034881606, -0.8428098984493233, 0.6200125344589669]
[array([-2.6 , 28.85]), 2.488291305425862, -0.6372442433189752, 0.6597238363966684]
[array([-2.74, 28.93]), 2.53927115114614, -0.36988398819857976, 0.7107036821169461]
[array([-2.74, 28.93]), 2.53927115114614, -0.36988398819857976, 0.7107036821169461]
[array([-2.87, 29.01]), 2.5618372111768757, -0.17122036776677355, 0.7332697421476819]
[array([-2.87, 29.01]), 2.5618372111768757, -0.17122036776677355, 0.7332697421476819]
[array([-3.  , 29.08]), 2.5930782557217236, 0.1181365412172104, 1.0067792950018102]
[array([-3.  , 29.08]), 2.5930782557217236, 0.1181365412172104, 1.0067792950018102]
[array([-3.15, 29.14]), 2.6635946189571253, 0.6533256477246432, 1.077295658237212]
[array([-3.28, 29.2 ]), 2.7201464283143952, 1.2003630990434713, 1.1338474675944819]
[array([-3.28, 29.2 ]), 2.7201464283143952, 1.2003630990434713, 1.1338474675944819]
[array([-3.43, 29.25]), 2.7562499601552997, 1.9271042147247537, 1.3319378117539646]
[array([-3.43, 29.25]), 2.7562499601552997, 1.9271042147247537, 1.3319378117539646]
[array([-3.59, 29.31]), 2.766658929281269, 2.774963863723734, 1.3423467808799339]
[array([-3.59, 29.31]), 2.766658929281269, 2.774963863723734, 1.3423467808799339]
[array([-3.73, 29.35]), 2.837820191675282, 16.063224658068528, 0.8685014192139655]
[array([-3.9 , 29.39]), 2.8522243939919916, 16.60593900810483, 0.8765362809120107]
[array([-3.9 , 29.39]), 2.8522243939919916, 16.60593900810483, 0.8765362809120107]
[array([-4.04, 29.43]), 2.8647048944071525, 17.079241449896124, 0.8890167813271717]
[array([-4.2 , 29.47]), 2.881870556666367, 17.700012192092796, 0.8649686809280674]
[array([-4.2 , 29.47]), 2.881870556666367, 17.700012192092796, 0.8649686809280674]
[array([-4.34, 29.52]), 2.8272853843102443, 16.604132132018727, 0.8515972712302635]
[array([-4.34, 29.52]), 2.8272853843102443, 16.604132132018727, 0.8515972712302635]
[array([-4.49, 29.57]), 2.83405953073601, 16.931043784759922, 0.8583714176560293]
[array([-4.49, 29.57]), 2.83405953073601, 16.931043784759922, 0.8583714176560293]
[array([-4.63, 29.62]), 2.82356224794989, 16.86541132960388, 0.847874134869909]
[array([-4.77, 29.68]), 2.761119603301289, 15.754485140140448, 0.7918008308399722]
[array([-4.77, 29.68]), 2.761119603301289, 15.754485140140448, 0.7918008308399722]
[array([-4.91, 29.74]), 2.740815140915288, 15.526727532743303, 0.7714963684539713]
[array([-5.03, 29.81]), 2.7030175925023974, 14.966574030388276, 0.8029895541236316]
[array([-5.03, 29.81]), 2.7030175925023974, 14.966574030388276, 0.8029895541236316]
[array([-5.17, 29.87]), 2.703757263039393, 15.138971327959563, 0.8037292246606271]
[array([-5.17, 29.87]), 2.703757263039393, 15.138971327959563, 0.8037292246606271]
[array([-5.3 , 29.96]), 2.6363344959031516, 14.117925599159372, 1.0120179006489396]
[array([-5.3 , 29.96]), 2.6363344959031516, 14.117925599159372, 1.0120179006489396]
[array([-5.42, 30.03]), 2.61357522792422, 13.775992361289306, 0.9892586326700079]
[array([-5.42, 30.03]), 2.61357522792422, 13.775992361289306, 0.9892586326700079]
[array([-5.55, 30.11]), 2.608395439770151, 13.882690249511521, 0.9840788445159392]
[array([-5.67, 30.2 ]), 2.561757100564209, 13.053008420818424, 0.937440505309997]
[array([-5.67, 30.2 ]), 2.561757100564209, 13.053008420818424, 0.937440505309997]
[array([-5.79, 30.29]), 2.527666631482555, 12.479551943341106, 1.0260665833062408]
[array([-5.79, 30.29]), 2.527666631482555, 12.479551943341106, 1.0260665833062408]
[array([-6.03, 30.48]), 2.4634411330030415, 11.55056157519377, 1.003302027382041]
[array([-6.03, 30.48]), 2.4634411330030415, 11.55056157519377, 1.003302027382041]
[array([-6.13, 30.59]), 2.394863132434905, 10.248004359767544, 1.2472952635906427]
[array([-6.25, 30.69]), 2.4274688499218873, 11.271766494373757, 0.9673297443008868]
[array([-6.25, 30.69]), 2.4274688499218873, 11.271766494373757, 0.9673297443008868]
[array([-6.35, 30.79]), 2.3857052153167655, 10.707504964285524, 0.925566109695765]
[array([-6.35, 30.79]), 2.3857052153167655, 10.707504964285524, 0.925566109695765]
[array([-6.44, 30.91]), 2.3134382868416132, 9.02531338737247, 1.2995434841523017]
[array([-6.55, 31.02]), 2.3296668818254322, 9.89992765147571, 1.1820990129811701]
[array([-6.55, 31.02]), 2.3296668818254322, 9.89992765147571, 1.1820990129811701]
[array([-6.62, 31.14]), 2.263951046697641, 8.420432737897396, 1.2500562440083294]
[array([-6.62, 31.14]), 2.263951046697641, 8.420432737897396, 1.2500562440083294]
[array([-6.71, 31.26]), 2.2248481665371846, 7.827782865211029, 1.210953363847873]
[array([-6.81, 31.38]), 2.251526571351469, 8.957774109671451, 1.2376317686621574]
[array([-6.81, 31.38]), 2.251526571351469, 8.957774109671451, 1.2376317686621574]
[array([-6.88, 31.51]), 2.1703204155134523, 7.254726019090554, 1.2952165630989434]
[array([-6.88, 31.51]), 2.1703204155134523, 7.254726019090554, 1.2952165630989434]
[array([-6.95, 31.63]), 2.1255638903070104, 6.5677552486065, 1.2504600378925015]
[array([-7.03, 31.77]), 2.124837658805256, 7.023664951357244, 1.249733806390747]
[array([-7.03, 31.77]), 2.124837658805256, 7.023664951357244, 1.249733806390747]
[array([-7.1, 31.9]), 2.085954515597625, 6.58266347289439, 1.2108506631831162]
[array([-7.1, 31.9]), 2.085954515597625, 6.58266347289439, 1.2108506631831162]
[array([-7.17, 32.04]), 2.0402352667757833, 6.120680219370695, 1.1651314143612743]
[array([-7.23, 32.18]), 2.022067785525924, 6.146589859932013, 1.1469639331114152]
[array([-7.23, 32.18]), 2.022067785525924, 6.146589859932013, 1.1469639331114152]
[array([-7.28, 32.33]), 1.9568251091583482, 5.525044919107034, 1.0388754134642242]
[array([-7.33, 32.47]), 1.9547479928155502, 5.749450375137799, 1.0796441404010413]
[array([-7.33, 32.47]), 1.9547479928155502, 5.749450375137799, 1.0796441404010413]
[array([-7.37, 32.62]), 1.8859174431046497, 5.1867979686889, 0.9679677474105258]
[array([-7.37, 32.62]), 1.8859174431046497, 5.1867979686889, 0.9679677474105258]
[array([-7.41, 32.77]), 1.856177556249442, 5.107612757942802, 0.9382278605553181]
[array([-7.44, 32.92]), 1.8256849088878488, 5.011864363339371, 0.907735213193725]
[array([-7.44, 32.92]), 1.8256849088878488, 5.011864363339371, 0.907735213193725]
[array([-7.47, 33.08]), 1.7744429147139218, 4.749733878830074, 0.8564932190197979]
[array([-7.47, 33.08]), 1.7744429147139218, 4.749733878830074, 0.8564932190197979]
[array([-7.49, 33.23]), 1.7607385894272618, 4.801884663718572, 0.8427888937331379]
[array([-7.53, 33.39]), 1.7748277598139863, 5.119543356085238, 0.8568780641198624]
[array([-7.53, 33.39]), 1.7748277598139863, 5.119543356085238, 0.8568780641198624]
[array([-7.52, 33.54]), 1.6901047655332013, 4.562928675736021, 0.7721550698390774]
[array([-7.54, 33.69]), 1.6783855777377599, 4.625201510118358, 0.760435882043636]
[array([-7.56, 33.85]), 1.681154018997273, 4.80514878854566, 0.763204323303149]
[array([-7.56, 33.85]), 1.681154018997273, 4.80514878854566, 0.763204323303149]
[array([-7.56, 34.01]), 1.6223687117962267, 4.529340604536213, 0.7044190161021028]
[array([-7.56, 34.01]), 1.6223687117962267, 4.529340604536213, 0.7044190161021028]
[array([-7.54, 34.16]), 1.585749958760133, 4.392132363876795, 0.667800263066009]
[array([-7.53, 34.32]), 1.5390885812080646, 4.224141765678301, 0.6211388855139407]
[array([-7.53, 34.32]), 1.5390885812080646, 4.224141765678301, 0.6211388855139407]
[array([-7.5 , 34.46]), 1.460885264348105, 3.8682840959540705, 0.5429355686539811]
[array([-7.5 , 34.46]), 1.460885264348105, 3.8682840959540705, 0.5429355686539811]
[array([-7.5 , 34.61]), 1.4958579973666417, 4.163587617184925, 0.5779083016725178]
[array([-7.5 , 34.61]), 1.4958579973666417, 4.163587617184925, 0.5779083016725178]
[array([-7.47, 34.77]), 1.4447158360259285, 3.9717603020602117, 0.5267661403318046]
[array([-7.42, 34.91]), 1.372505979817317, 3.674693367424951, 0.45455628412319304]
[array([-7.39, 35.05]), 1.3706934553891204, 3.742229857887581, 0.4527437596949965]
[array([-7.36, 35.21]), 1.338022462588113, 3.6673974971170105, 0.4200727668939891]
[array([-7.36, 35.21]), 1.338022462588113, 3.6673974971170105, 0.4200727668939891]
[array([-7.29, 35.34]), 1.2492101618699052, 3.3303407238372067, 0.3312604661757813]
[array([-7.29, 35.34]), 1.2492101618699052, 3.3303407238372067, 0.3312604661757813]
[array([-7.25, 35.49]), 1.2611654927131415, 3.4365468190342034, 0.3432157970190176]
[array([-7.2 , 35.63]), 1.2633797919351468, 3.493375485914122, 0.3882759395206379]
[array([-7.2 , 35.63]), 1.2633797919351468, 3.493375485914122, 0.3882759395206379]
[array([-7.12, 35.76]), 1.1798465886054454, 3.192997972746267, 0.26189689291132157]
[array([-7.12, 35.76]), 1.1798465886054454, 3.192997972746267, 0.26189689291132157]
[array([-7.06, 35.9 ]), 1.1544354673610346, 3.135492842918105, 0.23648577166691076]
[array([-6.99, 36.04]), 1.1526672742958388, 3.1661182548166846, 0.2775634218813299]
[array([-6.99, 36.04]), 1.1526672742958388, 3.1661182548166846, 0.2775634218813299]
[array([-6.9 , 36.17]), 1.0917919353155292, 2.9629611108739957, 0.21668808290102026]
[array([-6.82, 36.3 ]), 1.0525564101319207, 2.8578007716467915, 0.17745255771741175]
[array([-6.82, 36.3 ]), 1.0525564101319207, 2.8578007716467915, 0.17745255771741175]
[array([-6.75, 36.43]), 1.0375425643074898, 2.841147302290391, 0.16243871189298087]
[array([-6.65, 36.56]), 1.0054824367446809, 2.745845867765913, 0.1303785843301719]
[array([-6.65, 36.56]), 1.0054824367446809, 2.745845867765913, 0.1303785843301719]
[array([-6.56, 36.68]), 0.9592593113677882, 2.6061804682001233, 0.08415545895327925]
[array([-6.56, 36.68]), 0.9592593113677882, 2.6061804682001233, 0.08415545895327925]
[array([-6.46, 36.8 ]), 0.9306505724007978, 2.529347697665959, 0.055546719986288906]
[array([-6.36, 36.92]), 0.9158390102366734, 2.482356358103705, 0.040735157822164414]
[array([-6.36, 36.92]), 0.9158390102366734, 2.482356358103705, 0.040735157822164414]
[array([-6.25, 37.03]), 0.863329732492873, 2.316796280563882, -0.011774119921635906]
[array([-6.25, 37.03]), 0.863329732492873, 2.316796280563882, -0.011774119921635906]
[array([-6.13, 37.15]), 0.8282870117713304, 2.2142017301238632, -0.04681684064317859]
[array([-6.02, 37.25]), 0.7983968520675258, 2.108136910344596, -0.07670700034698319]
[array([-5.89, 37.36]), 0.7695954287511156, 2.0070041980424342, -0.1055084236633933]
[array([-5.89, 37.36]), 0.7695954287511156, 2.0070041980424342, -0.1055084236633933]
[array([-5.77, 37.46]), 0.7350427964835338, 1.891932458039415, -0.14006105593097518]
[array([-5.77, 37.46]), 0.7350427964835338, 1.891932458039415, -0.14006105593097518]
[array([-5.65, 37.55]), 0.6715997291076895, 1.6967033227347583, -0.20350412330681944]
[array([-5.52, 37.65]), 0.6663393067421786, 1.6478096569287648, -0.20876454567233038]
[array([-5.52, 37.65]), 0.6663393067421786, 1.6478096569287648, -0.20876454567233038]
[array([-5.4 , 37.75]), 0.6533006500322291, 1.585305292033626, -0.2218032023822798]
[array([-5.4 , 37.75]), 0.6533006500322291, 1.585305292033626, -0.2218032023822798]
[array([-5.24, 37.82]), 0.5644133001561854, 1.2966486046276589, -0.31069055225832354]
[array([-5.12, 37.9 ]), 0.5661113309854515, 1.2346302552527475, -0.44778347170386]
[array([-5.12, 37.9 ]), 0.5661113309854515, 1.2346302552527475, -0.44778347170386]
[array([-5.  , 37.98]), 0.5823929839785307, 1.204805555963989, -0.43150181871078086]
[array([-4.84, 38.03]), 0.4405263391911246, 0.7587594756078886, -0.5733684634981869]
[array([-4.72, 38.11]), 0.49915526489119216, 0.82390869882504, -0.5147395377981194]
[array([-4.72, 38.11]), 0.49915526489119216, 0.82390869882504, -0.5147395377981194]
[array([-4.58, 38.15]), 0.4110152650008525, 0.5028709372302546, -0.602879537688459]
[array([-4.42, 38.19]), 0.32452425218779773, 0.1342314973646898, -0.6893705505015137]
[array([-4.42, 38.19]), 0.32452425218779773, 0.1342314973646898, -0.6893705505015137]
[array([-4.28, 38.25]), 0.3602959969378982, 0.11662912324766486, -0.6535988057514133]
[array([-4.28, 38.25]), 0.3602959969378982, 0.11662912324766486, -0.6535988057514133]
[array([-4.12, 38.28]), 0.3104289731486909, -0.18010046324249526, -0.8371388956955712]
[array([-3.96, 38.32]), 0.23283268180257505, -0.6353223705679145, -0.9147351870416871]
[array([-3.96, 38.32]), 0.23283268180257505, -0.6353223705679145, -0.9147351870416871]
[array([-3.79, 38.35]), 0.2329089526908871, -0.8727538110256113, -0.914658916153375]
[array([-3.79, 38.35]), 0.2329089526908871, -0.8727538110256113, -0.914658916153375]
[array([-3.5 , 38.37]), 0.09620935515400991, -2.424575606740067, -1.3639297504669905]
[array([-3.5 , 38.37]), 0.09620935515400991, -2.424575606740067, -1.3639297504669905]
[array([-3.35, 38.38]), 0.0752222944975536, -3.7217886583994244, -1.4263777536787607]
[array([-3.21, 38.37]), -0.0018912387774610558, 34.504813353906506, -1.7001714610473342]
[array([-3.21, 38.37]), -0.0018912387774610558, 34.504813353906506, -1.7001714610473342]
[array([-3.08, 38.36]), -0.022276858973680026, 30.635607851166334, -1.720557081243553]
[array([-3.08, 38.36]), -0.022276858973680026, 30.635607851166334, -1.720557081243553]
[array([-2.94, 38.34]), -0.060200594691489216, 22.85414159759534, -1.7023043862716762]
[array([-2.94, 38.34]), -0.060200594691489216, 22.85414159759534, -1.7023043862716762]
