[-0.061778490444328274, -0.020934995370017372, 10]
[-0.08452353663833975, -0.030562384258906273, 10]
[-0.0727658390142625, -0.022585328703350623, 10]
[-0.0727658390142625, -0.022585328703350623, 10]
[-0.07837356245692054, -0.024716662036684055, 10]
[-0.07837356245692054, -0.024716662036684055, 10]
[-0.10647862157408645, -0.037407884258906315, 10]
[-0.08722041584841722, -0.02634938425890611, 10]
[-0.08722041584841722, -0.02634938425890611, 10]
[-0.09965772125342165, -0.031181495370017173, 10]
[-0.09965772125342165, -0.031181495370017173, 10]
[-0.1318289635351787, -0.04734216203668399, 10]
[-0.11085874827524411, -0.035336217592239545, 10]
[-0.11085874827524411, -0.035336217592239545, 10]
[-0.11887027289218892, -0.03878760648112833, 10]
[-0.11887027289218892, -0.03878760648112833, 10]
[-0.1589141220107172, -0.0581455509255729, 10]
[-0.1589141220107172, -0.0581455509255729, 10]
[-0.16086586043277867, -0.056976384258906033, 10]
[-0.16086586043277867, -0.056976384258906033, 10]
[-0.15300404552506217, -0.05142632870335052, 10]
[-0.15300404552506217, -0.05142632870335052, 10]
[-0.14723459272423148, -0.047002939814461756, 10]
[-0.14723459272423148, -0.047002939814461756, 10]
[-0.15829413676908344, -0.051021217592239675, 10]
[-0.12016052495953902, -0.029187217592239387, 10]
[-0.11685450869186362, -0.0272502175922394, 10]
[-0.11685450869186362, -0.0272502175922394, 10]
[-0.1358545121241017, -0.03476310648112846, 10]
[-0.1358545121241017, -0.03476310648112846, 10]
[-0.08961897776637218, -0.010257606481128312, 10]
[-0.08961897776637218, -0.010257606481128312, 10]
[-0.06781535902988774, 0.0012262268522047724, 10]
[-0.03412965598663735, 0.019558782407760496, -10]
[-0.03412965598663735, 0.019558782407760496, -10]
[-0.052994709263306926, 0.008577171296649271, 10]
[-0.03648242503260423, 0.017086393518871736, -10]
[-0.03648242503260423, 0.017086393518871736, -10]
[0.0009627354725573446, 0.03506328240776057, -10]
[0.0009627354725573446, 0.03506328240776057, -10]
[-0.0010402876604987548, 0.03295183796331607, -10]
[0.015993562403135562, 0.04016878240776047, -10]
[0.015993562403135562, 0.04016878240776047, -10]
[0.047592330345595006, 0.05322883796331598, -10]
[0.047592330345595006, 0.05322883796331598, -10]
[0.0642362295128552, 0.06022950462998265, -10]
[0.0642362295128552, 0.06022950462998265, -10]
[0.11326196058226759, 0.08201961574109382, -10]
[0.13819646378279427, 0.0907426712966493, -10]
[0.13819646378279427, 0.0907426712966493, -10]
[0.19303594176046682, 0.11253111574109372, -10]
[0.19303594176046682, 0.11253111574109372, -10]
[0.25700666783344916, 0.1358064490744271, -10]
[0.2708698787564109, 0.13646244907442714, -10]
[0.3149237061950409, 0.14903211574109385, -10]
[0.3149237061950409, 0.14903211574109385, -10]
[0.3526187584553929, 0.15747194907442721, -10]
[0.3526187584553929, 0.15747194907442721, -10]
[0.32789289463887705, 0.14118606018553823, -10]
[0.3943077274302288, 0.16213667129664938, -10]
[0.3943077274302288, 0.16213667129664938, -10]
[0.40204057806405197, 0.1578152824077605, -10]
[0.40204057806405197, 0.1578152824077605, -10]
[0.3779085449153021, 0.14285111574109383, -10]
[0.3779085449153021, 0.14285111574109383, -10]
[0.3885545798130474, 0.14131172685220506, -10]
[0.3885545798130474, 0.14131172685220506, -10]
[0.3823124940301966, 0.13313039351887163, -10]
[0.3229821177443594, 0.10295233796331603, -10]
[0.3229821177443594, 0.10295233796331603, -10]
[0.33846030898824236, 0.10618833796331602, -10]
[0.33846030898824236, 0.10618833796331602, -10]
[0.32199083333334444, 0.09354411574109385, -10]
[0.3185973838225132, 0.08727506018553827, -10]
[0.3185973838225132, 0.08727506018553827, -10]
[0.302615734687139, 0.07773028240776043, -10]
[0.302615734687139, 0.07773028240776043, -10]
[0.2751211822201317, 0.06038856018553821, -10]
[0.2751211822201317, 0.06038856018553821, -10]
[0.27158836788243035, 0.06689193316108039, -10]
[0.23713235672879823, 0.047437322049969234, -10]
[0.23713235672879823, 0.047437322049969234, -10]
[0.21267197939900737, 0.03332704427219139, -10]
[0.20535491936542066, 0.028454988716636046, -10]
[0.20535491936542066, 0.028454988716636046, -10]
[0.18226276440761405, 0.014845322049969223, -10]
[0.18226276440761405, 0.014845322049969223, -10]
[0.14805231410420716, 0.010670183386248953, -10]
[0.15203941760748346, 0.010670183386248953, -10]
[0.1584785294272554, 0.014258461164026763, -10]
[0.13113924621784195, -2.3721693066773445e-06, -10]
[0.13113924621784195, -2.3721693066773445e-06, -10]
[0.09591878148770687, -0.01778392772486207, -10]
[0.09591878148770687, -0.01778392772486207, -10]
[0.11325670783123187, -0.007869205502639883, -10]
[0.11325670783123187, -0.007869205502639883, -10]
[0.025752457096143804, -0.05123437216930674, -10]
[0.018646119384869913, -0.053027983280417655, -10]
[0.018646119384869913, -0.053027983280417655, -10]
[0.012440261496935352, -0.05318692772486216, -10]
[0.012440261496935352, -0.05318692772486216, -10]
[-0.027256800835658013, -0.06601389036663671, 10]
[-0.027256800835658013, -0.06601389036663671, 10]
[-0.061246305825807715, -0.07829366814441435, 10]
[-0.08082061961052414, -0.0845256681444146, 10]
[-0.08082061961052414, -0.0845256681444146, 10]
[-0.11683459139976109, -0.09763216814441436, 10]
[-0.11683459139976109, -0.09763216814441436, 10]
[-0.15096888922532883, -0.11003777925552566, 10]
[-0.17453374073181804, -0.11483911258885895, 10]
[-0.17453374073181804, -0.11483911258885895, 10]
[-0.2651026912124503, -0.14877089036663663, 10]
[-0.3177843562412287, -0.16399341438293563, 10]
[-0.3177843562412287, -0.16399341438293563, 10]
[-0.3693667321017139, -0.1763058032718245, 10]
[-0.3693667321017139, -0.1763058032718245, 10]
[-0.4128308728364362, -0.18529963660515797, 10]
[-0.4128308728364362, -0.18529963660515797, 10]
[-0.4508661278505996, -0.19163924771626892, 10]
[-0.5218861033519652, -0.20770158104960243, 10]
[-0.5218861033519652, -0.20770158104960243, 10]
[-0.5177951455668388, -0.2119153709998607, 10]
[-0.5177951455668388, -0.2119153709998607, 10]
[-0.5062667234565652, -0.20172459322208294, 10]
[-0.5062667234565652, -0.20172459322208294, 10]
[-0.5298537078761172, -0.20187814877763832, 10]
[-0.5045935675550579, -0.18639214877763852, 10]
[-0.5045935675550579, -0.18639214877763852, 10]
[-0.5154304245782055, -0.1834823709998605, 10]
[-0.5154304245782055, -0.1834823709998605, 10]
[-0.5135873191961144, -0.1759809821109719, 10]
[-0.4772373193113576, -0.1575727043331941, 10]
[-0.4772373193113576, -0.1575727043331941, 10]
[-0.48957739548874724, -0.15580931544430487, 10]
[-0.48957739548874724, -0.15580931544430487, 10]
[-0.488911485246767, -0.1500282598887496, 10]
[-0.488911485246767, -0.1500282598887496, 10]
[-0.45797366538914136, -0.1330506487776385, 10]
[-0.45797366538914136, -0.1330506487776385, 10]
[-0.4522342559284266, -0.1247682043331938, 10]
[-0.4522342559284266, -0.1247682043331938, 10]
[-0.4365434667129649, -0.11380137099986062, 10]
[-0.4097274509605092, -0.09807631544430502, 10]
[-0.4097274509605092, -0.09807631544430502, 10]
[-0.3978959155930032, -0.08921009322208293, 10]
[-0.3978959155930032, -0.08921009322208293, 10]
[-0.36056388822537633, -0.06799203766652728, 10]
[-0.36056388822537633, -0.06799203766652728, 10]
[-0.35325600104882926, -0.06100337099986049, 10]
[-0.36328257469419717, -0.06743148012335991, 10]
[-0.36328257469419717, -0.06743148012335991, 10]
[-0.3584590799400217, -0.06280531345669316, 10]
[-0.3584590799400217, -0.06280531345669316, 10]
[-0.30824492568495304, -0.03517114679002673, 10]
[-0.32907317630167526, -0.04348498012336005, 10]
[-0.32907317630167526, -0.04348498012336005, 10]
[-0.26115595691267046, -0.006802924567804379, 10]
[-0.26115595691267046, -0.006802924567804379, 10]
[-0.23969911126550839, 0.0035692420988622424, 10]
[-0.23969911126550839, 0.0035692420988622424, 10]
[-0.26276748886251183, -0.007795146790026673, 10]
[-0.26276748886251183, -0.007795146790026673, 10]
[-0.21299460697189865, 0.01840590876552908, 10]
[-0.1868883295113332, 0.03183924209886246, 10]
[-0.1868883295113332, 0.03183924209886246, 10]
[-0.20759889294987324, 0.019228742098862262, 10]
[-0.20759889294987324, 0.019228742098862262, 10]
[-0.14547199534335506, 0.05204129765441787, 10]
[-0.12340671118258198, 0.056329429124248424, 10]
[-0.11052601898670389, 0.06182620690202612, 10]
[-0.11052601898670389, 0.06182620690202612, 10]
[-0.07944264342731037, 0.07417442912424835, -10]
[-0.07944264342731037, 0.07417442912424835, -10]
[-0.0544318219874579, 0.08419037356869288, -10]
[-0.031278170870013944, 0.0912802624575818, -10]
[-0.031278170870013944, 0.0912802624575818, -10]
[-0.007859834026552371, 0.0985322624575817, -10]
[-0.007859834026552371, 0.0985322624575817, -10]
[0.03515880629388394, 0.11696965134647073, -10]
[0.03515880629388394, 0.11696965134647073, -10]
[0.043448663137787225, 0.11403526245758178, -10]
[0.09574833300301785, 0.13367904023535956, -10]
[0.09574833300301785, 0.13367904023535956, -10]
[0.15883834061666105, 0.1623036201586722, -10]
[0.21914380965817704, 0.1807003423808944, -10]
[0.2834840946737485, 0.19799562015867203, -10]
[0.2834840946737485, 0.19799562015867203, -10]
[0.3438582324822844, 0.2110714534920056, -10]
[0.3438582324822844, 0.2110714534920056, -10]
[0.4147813230932975, 0.22672923126978328, -10]
[0.4147813230932975, 0.22672923126978328, -10]
[0.483413346863264, 0.23732555578727804, -10]
[0.4986800967023042, 0.2324585002317225, -10]
[0.4986800967023042, 0.2324585002317225, -10]
[0.5221950670586761, 0.2313529446761669, -10]
[0.5221950670586761, 0.2313529446761669, -10]
[0.5439776825377048, 0.23008433356505578, -10]
[0.5305579436194118, 0.21757277800950028, -10]
[0.5305579436194118, 0.21757277800950028, -10]
[0.518019711796988, 0.20681950023172235, -10]
[0.518019711796988, 0.20681950023172235, -10]
[0.5212657363357791, 0.2002019446761669, -10]
[0.47513274841281633, 0.17818750023172253, -10]
[0.47513274841281633, 0.17818750023172253, -10]
[0.4790707967820337, 0.17331894467616696, -10]
[0.4790707967820337, 0.17331894467616696, -10]
[0.47580493189528317, 0.16624588912061136, -10]
[0.47580493189528317, 0.16624588912061136, -10]
[0.41929676178696446, 0.13773588912061133, -10]
[0.41929676178696446, 0.13773588912061133, -10]
[0.4315951965032534, 0.13810233356505577, -10]
[0.4276124847334878, 0.13091894467616697, -10]
[0.4276124847334878, 0.13091894467616697, -10]
[0.3920593949832019, 0.11110027800950029, -10]
[0.3920593949832019, 0.11110027800950029, -10]
[0.40001372231399995, 0.1220390291020365, -10]
[0.40001372231399995, 0.1220390291020365, -10]
[0.3834687543757961, 0.11110041799092538, -10]
[0.3584371432558572, 0.09578575132425869, -10]
[0.3584371432558572, 0.09578575132425869, -10]
[0.3381319434058164, 0.08124475132425871, -10]
[0.3381319434058164, 0.08124475132425871, -10]
[0.3311774302146214, 0.07571908465759203, -10]
[0.3311774302146214, 0.07571908465759203, -10]
[0.3044406625054711, 0.05939391799092531, -10]
[0.3044406625054711, 0.05939391799092531, -10]
[0.29000638662292744, 0.05075097354648092, -10]
[0.2882677873932396, 0.04571152910203639, -10]
[0.2882677873932396, 0.04571152910203639, -10]
[0.26250898475211937, 0.0321007513242588, -10]
[0.26250898475211937, 0.0321007513242588, -10]
[0.2281523770517974, 0.013364973546480814, -10]
[0.2281523770517974, 0.013364973546480814, -10]
[0.22851637420663992, 0.013573362435369697, -10]
[0.21584970776336215, 0.005434473546480962, -10]
[0.21584970776336215, 0.005434473546480962, -10]
[0.18813264155976206, -0.007955693120185826, -10]
[0.18813264155976206, -0.007955693120185826, -10]
[0.16924252501933212, -0.025310293223924314, -10]
[0.16924252501933212, -0.025310293223924314, -10]
[0.1463283493566275, -0.035099626557257776, -10]
[0.12020002892635513, -0.04678334877947999, -10]
[0.12020002892635513, -0.04678334877947999, -10]
[0.07681571555279011, -0.06617384877947978, -10]
[0.07681571555279011, -0.06617384877947978, -10]
[0.04858460710193179, -0.07799051544614646, -10]
[0.04858460710193179, -0.07799051544614646, -10]
[0.04251388010149067, -0.07788457100170203, -10]
[0.04251388010149067, -0.07788457100170203, -10]
[-0.017653524644003337, -0.10419579322392425, 10]
[-0.049087621398410664, -0.11495440433503544, 10]
[-0.049087621398410664, -0.11495440433503544, 10]
[-0.05185625525246883, -0.1096227932239242, 10]
[-0.05185625525246883, -0.1096227932239242, 10]
[-0.11653551386583554, -0.1987823408805458, 10]
[-0.17431053117518444, -0.21204622976943466, 10]
[-0.17431053117518444, -0.21204622976943466, 10]
[-0.18418478651199138, -0.20625578532499017, 10]
[-0.18418478651199138, -0.20625578532499017, 10]
[-0.29391633890330554, -0.23763289643610125, 10]
[-0.29391633890330554, -0.23763289643610125, 10]
[-0.3836198963126034, -0.2580371186583237, 10]
[-0.3836198963126034, -0.2580371186583237, 10]
[-0.5076073040915137, -0.35862168328147814, 10]
[-0.6684730884447199, -0.37359873883703376, 10]
[-0.6684730884447199, -0.37359873883703376, 10]
[-0.8430398525475244, -0.3986086814064674, 10]
[-0.8430398525475244, -0.3986086814064674, 10]
[-1.0113805705769154, -0.3847755591448002, 10]
[-1.0113805705769154, -0.3847755591448002, 10]
[-1.0710097492195167, -0.38286705914480035, 10]
[-1.1505349696137988, -0.38294600358924463, 10]
[-1.1505349696137988, -0.38294600358924463, 10]
[-1.1798052700512336, -0.3784055591448003, 10]
[-1.1798052700512336, -0.3784055591448003, 10]
[-1.1979397331529935, -0.3584489998986664, 10]
[-1.1979397331529935, -0.3584489998986664, 10]
[-1.115210922124184, -0.35898750358924475, 10]
[-1.115210922124184, -0.35898750358924475, 10]
[-1.1103977123225928, -0.35086761470035577, 10]
[-1.0615248251700238, -0.3385209480336891, 10]
[-1.0615248251700238, -0.3385209480336891, 10]
[-1.0524551593111142, -0.3300581702559113, 10]
[-1.032462391339061, -0.320549336922578, 10]
[-1.0217447293582003, -0.31223605914480035, 10]
[-1.0217447293582003, -0.31223605914480035, 10]
[-0.9651406318171508, -0.2969129480336891, 10]
[-0.9651406318171508, -0.2969129480336891, 10]
[-1.0288880673385867, -0.3002984480336892, 10]
[-0.9539253975982321, -0.28173611470035576, 10]
[-0.9539253975982321, -0.28173611470035576, 10]
[-0.9478389642485379, -0.273808225811467, 10]
[-0.9478389642485379, -0.273808225811467, 10]
[-0.9516146072294026, -0.2682156702559114, 10]
[-0.9161284601760775, -0.25428755914480017, 10]
[-0.9161284601760775, -0.25428755914480017, 10]
[-0.8650691485340556, -0.2373462258114668, 10]
[-0.8650691485340556, -0.2373462258114668, 10]
[-0.8416733191102566, -0.2248528924781337, 10]
[-0.8365228019432062, -0.21800678136702253, 10]
[-0.8365228019432062, -0.21800678136702253, 10]
[-0.8303575405447505, -0.2105483924781336, 10]
[-0.8303575405447505, -0.2105483924781336, 10]
[-0.807943976078235, -0.19893567025591152, 10]
[-0.807943976078235, -0.19893567025591152, 10]
[-0.8059643902011745, -0.19298961470035597, 10]
[-0.7343179968267192, -0.16676139247813357, 10]
[-0.7343179968267192, -0.16676139247813357, 10]
[-0.7543144107063335, -0.16676139247813357, 10]
[-0.7702546980982612, -0.17223083692257812, 10]
[-0.7702546980982612, -0.17223083692257812, 10]
[-0.7702546980982612, -0.17223083692257812, 10]
[-0.7203524161002592, -0.14579972581146688, 10]
[-0.711469994251573, -0.13774100358924482, 10]
[-0.711469994251573, -0.13774100358924482, 10]
[-0.7050185863881729, -0.1155838887875551, 10]
[-0.7050185863881729, -0.1155838887875551, 10]
[-0.694944656596172, -0.10759044434311058, 10]
[-0.6533242560682327, -0.08674894434311067, 10]
[-0.6533242560682327, -0.08674894434311067, 10]
[-0.6254569048505008, -0.0719626110097773, 10]
[-0.6254569048505008, -0.0719626110097773, 10]
[-0.6292321082392816, -0.07025283323199964, 10]
[-0.6292321082392816, -0.07025283323199964, 10]
[-0.5862386986421535, -0.05013788878755507, 10]
[-0.5862386986421535, -0.05013788878755507, 10]
[-0.5708819600391759, -0.04032172212088848, 10]
[-0.5703717705956267, -0.03857333323199963, 10]
[-0.5703717705956267, -0.03857333323199963, 10]
[-0.5391865105281765, -0.02148299989866619, 10]
[-0.5269230632223948, -0.013892055454221806, 10]
[-0.5269230632223948, -0.013892055454221806, 10]
[-0.5190240450508062, -0.010534777676443986, 10]
[-0.5190240450508062, -0.010534777676443986, 10]
[-0.48872049321669386, 0.0071124445457782124, 10]
[-0.48872049321669386, 0.0071124445457782124, 10]
[-0.46772296662847257, 0.017360777879111527, 10]
[-0.46772296662847257, 0.017360777879111527, 10]
[-0.4599213410997646, 0.020398833434667106, 10]
[-0.42600338826297807, 0.03795727787911142, 10]
[-0.42600338826297807, 0.03795727787911142, 10]
[-0.4008878577979275, 0.04985194454577814, 10]
[-0.4008878577979275, 0.04985194454577814, 10]
[-0.38242388625551504, 0.05711672232355594, 10]
[-0.3697251969005243, 0.06301905565688934, 10]
[-0.3697251969005243, 0.06301905565688934, 10]
[-0.31179051757656207, 0.09139888899022271, 10]
[-0.31179051757656207, 0.09139888899022271, 10]
[-0.2969340877857477, 0.09577305565688941, 10]
[-0.2969340877857477, 0.09577305565688941, 10]
[-0.2693787495556334, 0.16756217483171287, 10]
[-0.2693787495556334, 0.16756217483171287, 10]
[-0.22825684970104293, 0.18396995260949053, -10]
[-0.20279358335647313, 0.18646328594282394, -10]
[-0.20279358335647313, 0.18646328594282394, -10]
[-0.16856197968986467, 0.19735611927615734, -10]
[-0.16856197968986467, 0.19735611927615734, -10]
[-0.12744884866379505, 0.2099966192761573, -10]
[-0.07397679763971596, 0.22622400816504606, -10]
[-0.07397679763971596, 0.22622400816504606, -10]
[-0.03424407355335471, 0.23340700816504617, -10]
[-0.03424407355335471, 0.23340700816504617, -10]
[0.02362730824344208, 0.3204678028042232, -10]
[0.02362730824344208, 0.3204678028042232, -10]
[0.13066512954492865, 0.34291385835977883, -10]
[0.24007261980869427, 0.3609148583597788, -10]
[0.24007261980869427, 0.3609148583597788, -10]
[0.3854208429449507, 0.4239689732632917, -10]
[0.3854208429449507, 0.4239689732632917, -10]
[0.5549927727447468, 0.42728225104106954, -10]
[0.5549927727447468, 0.42728225104106954, -10]
[3.2126449316137053, 0.276452587900458, -10]
[3.321187801620966, 0.2790101638130653, -10]
[3.321187801620966, 0.2790101638130653, -10]
[3.4158482899792246, 0.28298283047973194, -10]
[3.540002438418559, 0.2753280823787567, -10]
[3.540002438418559, 0.2753280823787567, -10]
[3.3208264264037455, 0.2710718304797319, -10]
[3.3208264264037455, 0.2710718304797319, -10]
[3.3862087569519845, 0.27322810825750976, -10]
[3.3862087569519845, 0.27322810825750976, -10]
[3.373082265920776, 0.26988671936862074, -10]
[3.1508970280280897, 0.25203803234490246, -10]
[3.1508970280280897, 0.25203803234490246, -10]
[3.1053455065486606, 0.24557492123379143, -10]
[2.993314806077655, 0.255599513579866, -10]
[2.993314806077655, 0.255599513579866, -10]
[3.0277942655919126, 0.25583495802431055, -10]
[3.0277942655919126, 0.25583495802431055, -10]
[2.8235851198318747, 0.32213530277152275, -10]
[2.8235851198318747, 0.32213530277152275, -10]
[2.7551984722578613, 0.3148908027715226, -10]
[2.7551984722578613, 0.3148908027715226, -10]
[2.776538049902304, 0.31324202499374487, -10]
[2.6106016841636848, 0.29839658054930035, -10]
[2.6106016841636848, 0.29839658054930035, -10]
[2.495910388668221, 0.3266071373492005, -10]
[2.495910388668221, 0.3266071373492005, -10]
[2.310112315038754, 0.3193609541439439, -10]
[2.310112315038754, 0.3193609541439439, -10]
[2.049600871953509, 0.39702641339111866, -10]
[2.2543532988747517, 0.3079106208106106, -10]
[2.2543532988747517, 0.3079106208106106, -10]
[2.1415009928571047, 0.29461684303283286, -10]
[2.1415009928571047, 0.29461684303283286, -10]
[1.8050626774744942, 0.41365753853140597, -10]
[1.9799855302951421, 0.37627380228000756, -10]
[1.9799855302951421, 0.37627380228000756, -10]
[1.6840865475794793, 0.3979052607536282, -10]
[1.6840865475794793, 0.3979052607536282, -10]
[1.5655565730422059, 0.38545842742029496, -10]
[1.7915548219342903, 0.3939504274202949, -10]
[1.7915548219342903, 0.3939504274202949, -10]
[1.4509452038181108, 0.4122802367833852, -10]
[1.4509452038181108, 0.4122802367833852, -10]
[1.3135510497212999, 0.3980337923389407, -10]
[1.4047329902714487, 0.3978026256722742, -10]
[1.4047329902714487, 0.3978026256722742, -10]
[1.316532694578878, 0.38542573678338515, -10]
[1.316532694578878, 0.38542573678338515, -10]
[1.224136043874139, 0.3708728478944963, -10]
[1.2293179719864027, 0.3650899590056075, -10]
[1.2293179719864027, 0.3650899590056075, -10]
[1.1050089838214068, 0.3306843146189357, -10]
[1.1498900750275598, 0.34366140345005197, -10]
[1.1498900750275598, 0.34366140345005197, -10]
[1.03735959373778, 0.30811370350782474, -10]
[1.03735959373778, 0.30811370350782474, -10]
[1.0215225515885604, 0.29864720350782475, -10]
[1.0023728726678742, 0.28894109239671356, -10]
[1.0023728726678742, 0.28894109239671356, -10]
[0.9499467757660147, 0.2726302590633804, -10]
[0.9499467757660147, 0.2726302590633804, -10]
[0.9603769327437144, 0.268268036841158, -10]
[1.0239086712170475, 0.2727527590633803, -10]
[1.0239086712170475, 0.2727527590633803, -10]
[0.9125857351472042, 0.24578459239671369, -10]
[0.9250403020236716, 0.24205425906338024, -10]
[0.961029757709132, 0.24293548128560236, -10]
[0.961029757709132, 0.24293548128560236, -10]
[0.9058681209072426, 0.22422353684115814, -10]
[0.9058681209072426, 0.22422353684115814, -10]
[0.8784264727753589, 0.2125674257300468, -10]
[0.8448283531356602, 0.19771464795226906, -10]
[0.8448283531356602, 0.19771464795226906, -10]
[0.7736568191908141, 0.17282175906338038, -10]
[0.7736568191908141, 0.17282175906338038, -10]
[0.832717523436985, 0.18395392573004693, -10]
[0.832717523436985, 0.18395392573004693, -10]
[0.7943520604120423, 0.16767487017449142, -10]
[0.7349386734849902, 0.14468975906338039, -10]
[0.7484459715775162, 0.1441128146189358, -10]
[0.7334794994234021, 0.1337133146189357, -10]
[0.7334794994234021, 0.1337133146189357, -10]
[0.6660681447674414, 0.1054434812856024, -10]
[0.6660681447674414, 0.1054434812856024, -10]
[0.6873093638068407, 0.1092489812856025, -10]
[0.6986750971828244, 0.12359207011671863, -10]
[0.6986750971828244, 0.12359207011671863, -10]
[0.6385995945492534, 0.08336437017449118, -10]
[0.6385995945492534, 0.08336437017449118, -10]
[0.627098568583621, 0.07527575906338027, -10]
[0.6332236509633369, 0.08835118122782959, -10]
[0.6332236509633369, 0.08835118122782959, -10]
[0.5925922221747991, 0.06897395900560756, -10]
[0.5715601543293582, 0.05648490345005188, -10]
[0.5715601543293582, 0.05648490345005188, -10]
[0.5682294604580782, 0.05170584789449631, -10]
[0.5491691735531826, 0.04150079233894077, -10]
[0.5491691735531826, 0.04150079233894077, -10]
[0.5212360936400247, 0.026787514561162986, -10]
[0.5212360936400247, 0.026787514561162986, -10]
[0.5058695395331918, 0.017681070116718513, -10]
[0.496471271620741, 0.012966403450051905, -10]
[0.496471271620741, 0.012966403450051905, -10]
[0.4633592561127764, -0.003747818772170228, -10]
[0.4633592561127764, -0.003747818772170228, -10]
[0.4428403460247726, -0.014902263216614843, -10]
[0.42162738206891925, -0.02441659654994821, -10]
[0.4014008396084868, -0.03358437432772589, -10]
[0.4014008396084868, -0.03358437432772589, -10]
[0.378386491607883, -0.04458281877217025, -10]
[0.378386491607883, -0.04458281877217025, -10]
[0.33934066454695166, -0.0647773743277258, -10]
[0.32956193138575296, -0.06645181877217025, -10]
[0.32956193138575296, -0.06645181877217025, -10]
[0.31706105840672516, -0.07060215210550377, -10]
[0.31706105840672516, -0.07060215210550377, -10]
[0.25932972092553175, -0.09889587432772604, -10]
[0.2469260510505495, -0.14253390591303833, -10]
[0.2469260510505495, -0.14253390591303833, -10]
[0.24096111119279778, -0.13735129480192734, -10]
[0.15175189512157772, -0.18250885035748282, -10]
[0.164781739765008, -0.16384668369081642, -10]
[0.164781739765008, -0.16384668369081642, -10]
[0.10057418744605091, -0.19190251702414973, 10]
[0.026846299472937964, -0.21943346146859397, 10]
[0.026846299472937964, -0.21943346146859397, 10]
[0.02332582464953297, -0.20804696146859386, 10]
[0.02332582464953297, -0.20804696146859386, 10]
[-0.03602009264849905, -0.2664695866088815, 10]
[-0.1270644741135829, -0.2911692532755479, 10]
[-0.1270644741135829, -0.2911692532755479, 10]
[-0.17455076220512228, -0.29114497549777013, 10]
[-0.17455076220512228, -0.29114497549777013, 10]
[-0.4849151213480134, -0.43415232363383377, 10]
[-0.4849151213480134, -0.43415232363383377, 10]
[-0.7443577316798848, -0.45403014042857737, 10]
[6.900962670781301, -0.541181384258906, -10]
[6.900962670781301, -0.541181384258906, -10]
[6.127121570233267, -0.5476703287033505, -10]
[6.127121570233267, -0.5476703287033505, -10]
[4.570828319519068, -0.5418603154443049, -10]
[4.570828319519068, -0.5418603154443049, -10]
