[array([-0.01,  0.56]), 1.600206695487328, -0.49860543209837715, -0.14640026333947653]
[array([-0.08,  1.76]), 1.606765642816322, -0.6202939755658335, -0.13984131601048255]
[array([-0.08,  1.76]), 1.606765642816322, -0.6202939755658335, -0.13984131601048255]
[array([-0.08,  1.89]), 1.5806644183856717, -0.7226344846099616, -0.16594254044113277]
[array([-0.08,  1.89]), 1.5806644183856717, -0.7226344846099616, -0.16594254044113277]
[array([-0.1 ,  2.02]), 1.6334423023013545, -0.576993226235686, -0.11316465652545005]
[array([-0.1 ,  2.02]), 1.6334423023013545, -0.576993226235686, -0.11316465652545005]
[array([-0.11,  2.15]), 1.653666828607615, -0.5314260193675509, -0.09294013021918945]
[array([-0.09,  2.26]), 1.5365327210514443, -0.9057866735239523, -0.21007423777536016]
[array([-0.09,  2.26]), 1.5365327210514443, -0.9057866735239523, -0.21007423777536016]
[array([-0.11,  2.36]), 1.5674561156724292, -0.8092857698021235, -0.17915084315437535]
[array([-0.11,  2.36]), 1.5674561156724292, -0.8092857698021235, -0.17915084315437535]
[array([-0.12,  2.47]), 1.613674877726192, -0.691379086696933, -0.1329320811006125]
[array([-0.11,  2.57]), 1.5678961131768572, -0.8480625826360122, -0.17871084564994733]
[array([-0.11,  2.57]), 1.5678961131768572, -0.8480625826360122, -0.17871084564994733]
[array([-0.11,  2.67]), 1.5424917987165288, -0.9391915873761802, -0.20411516011027575]
[array([-0.11,  2.67]), 1.5424917987165288, -0.9391915873761802, -0.20411516011027575]
[array([-0.12,  2.76]), 1.596391056676617, -0.7890853584421484, -0.15021590215018743]
[array([-0.12,  2.76]), 1.596391056676617, -0.7890853584421484, -0.15021590215018743]
[array([-0.11,  2.86]), 1.5470083617548396, -0.9663478950436939, -0.19959859707196492]
[array([-0.11,  2.86]), 1.5470083617548396, -0.9663478950436939, -0.19959859707196492]
[array([-0.12,  2.96]), 1.5770332608768982, -0.8827174698230137, -0.1695736979499063]
[array([-0.13,  3.08]), 1.6281579689250911, -0.7420139640191725, -0.11844898990171338]
[array([-0.13,  3.08]), 1.6281579689250911, -0.7420139640191725, -0.11844898990171338]
[array([-0.14,  3.2 ]), 1.6192314824657668, -0.7862617486480084, -0.12737547636103774]
[array([-0.14,  3.2 ]), 1.6192314824657668, -0.7862617486480084, -0.12737547636103774]
[array([-0.14,  3.32]), 1.6142070286151249, -0.8202084103385151, -0.13239993021167962]
[array([-0.16,  3.44]), 1.6220662462368558, -0.7983598759340648, -0.1245407125899487]
[array([-0.16,  3.44]), 1.6220662462368558, -0.7983598759340648, -0.1245407125899487]
[array([-0.2,  3.7]), 1.6940640449413498, -0.5922053388700699, -0.052542913885454734]
[array([-0.2,  3.7]), 1.6940640449413498, -0.5922053388700699, -0.052542913885454734]
[array([-0.23,  3.82]), 1.7195833765993849, -0.5140476389755556, -0.02702358222741963]
[array([-0.23,  3.82]), 1.7195833765993849, -0.5140476389755556, -0.02702358222741963]
[array([-0.27,  3.95]), 1.7479823269902854, -0.4170676180240955, 0.001375368163480939]
[array([-0.28,  4.08]), 1.7284114264888975, -0.48950577526021427, -0.01819553233790705]
[array([-0.28,  4.08]), 1.7284114264888975, -0.48950577526021427, -0.01819553233790705]
[array([-0.32,  4.2 ]), 1.7284114264888975, -0.46975549478032336, -0.01819553233790705]
[array([-0.32,  4.2 ]), 1.7827222330866068, -0.32245562885545476, 0.03611527425980232]
[array([-0.37,  4.33]), 1.8320707195550456, -0.1560207093760686, 0.08546376072824113]
[array([-0.37,  4.33]), 1.8320707195550456, -0.1560207093760686, 0.08546376072824113]
[array([-0.4 ,  4.45]), 1.8313725878542482, -0.14824371948164958, 0.08476562902744367]
[array([-0.4 ,  4.45]), 1.8313725878542482, -0.14824371948164958, 0.08476562902744367]
[array([-0.45,  4.58]), 1.8853352012661841, 0.030742111297663206, 0.13872824243937965]
[array([-0.51,  4.71]), 1.9338063107196457, 0.20022362943106042, 0.1871993518928412]
[array([-0.55,  4.84]), 1.9435876594465975, 0.24038954692649137, 0.196980700619793]
[array([-0.55,  4.84]), 1.9435876594465975, 0.24038954692649137, 0.196980700619793]
[array([-0.6 ,  4.96]), 1.9795520885461177, 0.37577529218947736, 0.23294512971931325]
[array([-0.6 ,  4.96]), 1.9795520885461177, 0.37577529218947736, 0.23294512971931325]
[array([-0.65,  5.09]), 1.9972512979576673, 0.4513996431469795, 0.2506443391308628]
[array([-0.65,  5.09]), 1.9972512979576673, 0.4513996431469795, 0.2506443391308628]
[array([-0.73,  5.21]), 2.044040433610981, 0.6483350587594341, 0.2974334747841767]
[array([-0.73,  5.21]), 2.044040433610981, 0.6483350587594341, 0.2974334747841767]
[array([-0.8 ,  5.34]), 2.0627449526716797, 0.7543779543196547, 0.3161379938448752]
[array([-0.89,  5.47]), 2.0905754493252053, 0.9134265462205531, 0.34396849049840084]
[array([-0.89,  5.47]), 2.0905754493252053, 0.9134265462205531, 0.34396849049840084]
[array([-0.99,  5.58]), 2.2062394660524207, 1.3756910875979405, 0.4596325072256162]
[array([-0.99,  5.58]), 2.2062394660524207, 1.3756910875979405, 0.4596325072256162]
[array([-1.09,  5.72]), 2.213347319431168, 1.479364081827512, 0.4667403606043634]
[array([-1.21,  5.83]), 2.2615412705994125, 1.767339134502447, 0.514934311772608]
[array([-1.21,  5.83]), 2.2615412705994125, 1.767339134502447, 0.514934311772608]
[array([-1.33,  5.94]), 2.3303388335874504, 2.156261505844384, 0.5837318747606459]
[array([-1.33,  5.94]), 2.3303388335874504, 2.156261505844384, 0.5837318747606459]
[array([-1.43,  6.05]), 2.3334065988136805, 2.2706547056644015, 0.586799639986876]
[array([-1.54,  6.17]), 2.3430404672188385, 2.417268736153736, 0.596433508392034]
[array([-1.54,  6.17]), 2.3430404672188385, 2.417268736153736, 0.596433508392034]
[array([-1.66,  6.28]), 2.3564987010809673, 2.603005578067527, 0.6907506679433142]
[array([-1.66,  6.28]), 2.3564987010809673, 2.603005578067527, 0.6907506679433142]
[array([-1.76,  6.38]), 2.34790277998197, 2.6781891258485118, 0.682154746844317]
[array([-1.76,  6.38]), 2.34790277998197, 2.6781891258485118, 0.682154746844317]
[array([-1.85,  6.5 ]), 2.2877753145861393, 2.4887119925770964, 0.6220272814484862]
[array([-1.95,  6.6 ]), 2.292495557548158, 2.621315340378799, 0.626747524410505]
[array([-1.95,  6.6 ]), 2.292495557548158, 2.621315340378799, 0.626747524410505]
[array([-2.03,  6.72]), 2.2701424276861655, 2.613268700791436, 0.6472194518456229]
[array([-2.12,  6.83]), 2.2451908516338044, 2.59308368152184, 0.6222678757932618]
[array([-2.12,  6.83]), 2.2451908516338044, 2.59308368152184, 0.6222678757932618]
[array([-2.19,  6.95]), 2.1960146291625375, 2.4515632155458222, 0.573091653321995]
[array([-2.19,  6.95]), 2.1960146291625375, 2.4515632155458222, 0.573091653321995]
[array([-2.27,  7.07]), 2.1648048260113, 2.407489049011176, 0.5418818501707574]
[array([-2.34,  7.19]), 2.1253994802914726, 2.310304149935494, 0.5024765044509301]
[array([-2.34,  7.19]), 2.1253994802914726, 2.310304149935494, 0.5024765044509301]
[array([-2.42,  7.32]), 2.09547546120018, 2.2803023603526116, 0.47255248535963723]
[array([-2.42,  7.32]), 2.09547546120018, 2.2803023603526116, 0.47255248535963723]
[array([-2.49,  7.45]), 2.079558756553692, 2.283265356189047, 0.4566357807131496]
[array([-2.49,  7.45]), 2.079558756553692, 2.283265356189047, 0.4566357807131496]
[array([-2.54,  7.6 ]), 1.9836338900677568, 1.972073797161746, 0.36071091422721424]
[array([-2.6 ,  7.74]), 1.98304152531963, 2.033411237450291, 0.3601185494790875]
[array([-2.6 ,  7.74]), 1.98304152531963, 2.033411237450291, 0.3601185494790875]
[array([-2.67,  7.87]), 1.9805610633866957, 2.0895155237354825, 0.3576380875461531]
[array([-2.67,  7.87]), 1.9805610633866957, 2.0895155237354825, 0.3576380875461531]
[array([-2.71,  8.02]), 1.8941882093640006, 1.8292068435725484, 0.271265233523458]
[array([-2.76,  8.16]), 1.881009926313892, 1.8274171494015514, 0.2580869504733494]
[array([-2.76,  8.16]), 1.881009926313892, 1.8274171494015514, 0.2580869504733494]
[array([-2.8 ,  8.31]), 1.8536689945155504, 1.7750514135285997, 0.23074601867500788]
[array([-2.8 ,  8.31]), 1.8536689945155504, 1.7750514135285997, 0.23074601867500788]
[array([-2.81,  8.46]), 1.7796038533120684, 1.5399719086462842, 0.15668087747152581]
[array([-2.81,  8.46]), 1.7796038533120684, 1.5399719086462842, 0.15668087747152581]
[array([-2.85,  8.6 ]), 1.7574437568653467, 1.511707097666594, 0.15440054763519617]
[array([-2.85,  8.6 ]), 1.7574437568653467, 1.511707097666594, 0.15440054763519617]
[array([-2.88,  8.75]), 1.7344225149656918, 1.4720786826702783, 0.13137930573554124]
[array([-2.88,  8.75]), 1.7344225149656918, 1.4720786826702783, 0.13137930573554124]
[array([-2.89,  8.9 ]), 1.6937970095657953, 1.3519387941857541, 0.09075380033564473]
[array([-2.9 ,  9.04]), 1.6568024871417473, 1.2536619562536369, 0.05375927791159674]
[array([-2.9 ,  9.04]), 1.6568024871417473, 1.2536619562536369, 0.05375927791159674]
[array([-2.91,  9.19]), 1.6368554681865546, 1.2059121387676206, 0.03381225895640405]
[array([-2.91,  9.19]), 1.6368554681865546, 1.2059121387676206, 0.03381225895640405]
[array([-2.91,  9.34]), 1.5866688746113085, 1.0543202451477742, -0.01637433461884208]
[array([-2.91,  9.34]), 1.5866688746113085, 1.0543202451477742, -0.01637433461884208]
[array([-2.91,  9.49]), 1.5476354585550813, 0.9458145484956901, -0.0554077506750692]
[array([-2.91,  9.64]), 1.541009665115735, 0.9176563289995683, -0.06203354411441553]
[array([-2.91,  9.64]), 1.541009665115735, 0.9176563289995683, -0.06203354411441553]
[array([-2.91,  9.79]), 1.505658893781216, 0.8208310301504432, -0.09738431544893444]
[array([-2.91,  9.79]), 1.505658893781216, 0.8208310301504432, -0.09738431544893444]
[array([-2.89,  9.95]), 1.4667237397618764, 0.6952528149562196, -0.1363194694682741]
[array([-2.89,  9.95]), 1.4667237397618764, 0.6952528149562196, -0.1363194694682741]
[array([-2.88, 10.09]), 1.4362000255395972, 0.5917051793099134, -0.1668431836905533]
[array([-2.88, 10.09]), 1.4362000255395972, 0.5917051793099134, -0.1668431836905533]
[array([-2.85, 10.24]), 1.3729852472299138, 0.39107822425548894, -0.22810483948375793]
[array([-2.81, 10.39]), 1.3391244634778228, 0.2480396349160908, -0.26196562323584893]
[array([-2.81, 10.39]), 1.3391244634778228, 0.2480396349160908, -0.26196562323584893]
[array([-2.77, 10.52]), 1.2938574294651726, 0.08346057340053185, -0.30723265724849913]
[array([-2.77, 10.52]), 1.2938574294651726, 0.08346057340053185, -0.30723265724849913]
[array([-2.74, 10.68]), 1.272340661380736, -0.01768294985300451, -0.3287494253329357]
[array([-2.74, 10.68]), 1.272340661380736, -0.01768294985300451, -0.3287494253329357]
[array([-2.68, 10.82]), 1.2328169823376234, -0.19384457498914484, -0.3682731043760483]
[array([-2.63, 10.96]), 1.189765818343305, -0.38028082036452354, -0.4113242683703666]
[array([-2.63, 10.96]), 1.189765818343305, -0.38028082036452354, -0.4113242683703666]
[array([-2.56, 11.09]), 1.1622493064222132, -0.5406767023607669, -0.43884078029145845]
[array([-2.56, 11.09]), 1.1622493064222132, -0.5406767023607669, -0.43884078029145845]
[array([-2.48, 11.22]), 1.0893976926476434, -0.8633447302713083, -0.5116923940660283]
[array([-2.48, 11.22]), 1.0893976926476434, -0.8633447302713083, -0.5116923940660283]
[array([-2.32, 11.46]), 0.9691951217335414, -1.510726875047406, -0.6729086698466457]
[array([-2.32, 11.46]), 0.9691951217335414, -1.510726875047406, -0.6729086698466457]
[array([-2.25, 11.58]), 0.9794981493739147, -1.5651025188144825, -0.6626056422062724]
[array([-2.25, 11.58]), 0.9794981493739147, -1.5651025188144825, -0.6626056422062724]
[array([-2.15, 11.7 ]), 0.9390771965623522, -1.8733737844070304, -0.7030265950178348]
[array([-2.15, 11.7 ]), 0.9390771965623522, -1.8733737844070304, -0.7030265950178348]
[array([-2.05, 11.8 ]), 0.8815057658560669, -2.2895643116591264, -0.7605980257241202]
[array([-1.98, 11.93]), 0.935147064152711, -2.1402173233593524, -0.7069567274274761]
[array([-1.98, 11.93]), 0.935147064152711, -2.1402173233593524, -0.7069567274274761]
[array([-1.88, 12.03]), 0.8803528013521995, -2.5552273971585784, -0.7755090654113419]
[array([-1.88, 12.03]), 0.8803528013521995, -2.5552273971585784, -0.7755090654113419]
[array([-1.79, 12.13]), 0.867178707092296, -2.766070450952538, -0.7886831596712454]
[array([-1.79, 12.13]), 0.867178707092296, -2.766070450952538, -0.7886831596712454]
[array([-1.72, 12.26]), 0.9537538447752969, -2.425325496326286, -0.7021080219882445]
[array([-1.64, 12.39]), 0.978858835268909, -2.4239061219687414, -0.6770030314946324]
[array([-1.64, 12.39]), 0.978858835268909, -2.4239061219687414, -0.6770030314946324]
[array([-1.57, 12.5 ]), 0.9970992712815017, -2.4399780066786896, -0.6587625954820397]
[array([-1.51, 12.64]), 1.0471575831567268, -2.308387430714985, -0.6087042836068146]
[array([-1.51, 12.64]), 1.0471575831567268, -2.308387430714985, -0.6087042836068146]
[array([-1.45, 12.77]), 1.060741306192073, -2.331535561397706, -0.5951205605714684]
[array([-1.45, 12.77]), 1.060741306192073, -2.331535561397706, -0.5951205605714684]
[array([-1.38, 12.9 ]), 1.0811126146884256, -2.3404218107821313, -0.5747492520751158]
[array([-1.38, 12.9 ]), 1.0811126146884256, -2.3404218107821313, -0.5747492520751158]
[array([-1.33, 13.03]), 1.1090768035626548, -2.2888473805011285, -0.5467850632008866]
[array([-1.33, 13.03]), 1.1090768035626548, -2.2888473805011285, -0.5467850632008866]
[array([-1.27, 13.16]), 1.1094407047116954, -2.37727839051717, -0.546421162051846]
[array([-1.23, 13.3 ]), 1.138905876742639, -2.314562394418376, -0.5169559900209024]
[array([-1.23, 13.3 ]), 1.138905876742639, -2.314562394418376, -0.5169559900209024]
[array([-1.19, 13.43]), 1.1675193280986096, -2.2513592864005663, -0.5085205063250577]
[array([-1.15, 13.58]), 1.20956553150963, -2.1510374929002105, -0.46647430291403724]
[array([-1.15, 13.58]), 1.20956553150963, -2.1510374929002105, -0.46647430291403724]
[array([-1.12, 13.73]), 1.2585461025717484, -2.0228090300149613, -0.41749373185191896]
[array([-1.12, 13.73]), 1.2585461025717484, -2.0228090300149613, -0.41749373185191896]
[array([-1.07, 13.87]), 1.2682030093230328, -2.0531151828299232, -0.40783682510063457]
[array([-1.07, 13.87]), 1.2682030093230328, -2.0531151828299232, -0.40783682510063457]
[array([-1.05, 14.02]), 1.3164556035541448, -1.9202813819394227, -0.3595842308695225]
[array([-1.05, 14.02]), 1.3164556035541448, -1.9202813819394227, -0.3595842308695225]
[array([-1.03, 14.17]), 1.3635367327913175, -1.7906034041911847, -0.31250310163234984]
[array([-1.01, 14.32]), 1.3759329338036077, -1.7913675035037406, -0.3001069006200596]
[array([-1.01, 14.32]), 1.3759329338036077, -1.7913675035037406, -0.3001069006200596]
[array([-1.  , 14.47]), 1.4433577953349517, -1.5962234298000786, -0.23268203908871565]
[array([-1.  , 14.47]), 1.4433577953349517, -1.5962234298000786, -0.23268203908871565]
[array([-1.  , 14.63]), 1.4951794133534664, -1.4540270604145187, -0.18086042107020095]
[array([-1.  , 14.63]), 1.4951794133534664, -1.4540270604145187, -0.18086042107020095]
[array([-0.99, 14.77]), 1.480265051296399, -1.5278889346603417, -0.19577478312726826]
[array([-1.  , 14.93]), 1.5282047079926278, -1.389775920588438, -0.14783512643103958]
[array([-1.  , 14.93]), 1.5282047079926278, -1.389775920588438, -0.14783512643103958]
[array([-0.99, 15.07]), 1.532121401367029, -1.398459539815561, -0.14391843305663832]
[array([-0.99, 15.07]), 1.532121401367029, -1.398459539815561, -0.14391843305663832]
[array([-1.01, 15.22]), 1.5818575254623357, -1.2492891683877563, -0.09418230896133162]
[array([-1.02, 15.38]), 1.628746319415939, -1.120894832105384, -0.04729351500772827]
[array([-1.02, 15.38]), 1.628746319415939, -1.120894832105384, -0.04729351500772827]
[array([-1.02, 15.52]), 1.6333925604176733, -1.1285614318142556, -0.042647274005993996]
[array([-1.02, 15.52]), 1.6333925604176733, -1.1285614318142556, -0.042647274005993996]
[array([-1.04, 15.67]), 1.6891444853787538, -0.9581589319618112, 0.04416024089123427]
[array([-1.04, 15.67]), 1.6891444853787538, -0.9581589319618112, 0.04416024089123427]
[array([-1.09, 15.81]), 1.7456935022092208, -0.7686750793902076, 0.10070925772170125]
[array([-1.11, 15.96]), 1.744859583892617, -0.7594076689218652, 0.09987533940509752]
[array([-1.11, 15.96]), 1.744859583892617, -0.7594076689218652, 0.09987533940509752]
[array([-1.13, 16.11]), 1.750744135998642, -0.7349662741180779, 0.10575989151112242]
[array([-1.17, 16.26]), 1.7984050636133275, -0.5771384883090306, 0.15342081912580796]
[array([-1.17, 16.26]), 1.7984050636133275, -0.5771384883090306, 0.15342081912580796]
[array([-1.22, 16.4 ]), 1.852271858449329, -0.3936458355311029, 0.2072876139618094]
[array([-1.26, 16.55]), 1.8412131032428425, -0.39278927596675844, 0.19622885875532292]
[array([-1.26, 16.55]), 1.8412131032428425, -0.39278927596675844, 0.19622885875532292]
[array([-1.31, 16.7 ]), 1.899540261515241, -0.1924313828567843, 0.25455601702772146]
[array([-1.31, 16.7 ]), 1.899540261515241, -0.1924313828567843, 0.25455601702772146]
[array([-1.37, 16.84]), 1.9564149567841298, 0.007006884820396596, 0.31143071229661023]
[array([-1.37, 16.84]), 1.9564149567841298, 0.007006884820396596, 0.31143071229661023]
[array([-1.43, 16.98]), 1.9697468288084137, 0.09772011556009211, 0.3247625843208941]
[array([-1.51, 17.11]), 2.0216244718959175, 0.3222108198917033, 0.36592635165129916]
[array([-1.51, 17.11]), 2.0216244718959175, 0.3222108198917033, 0.36592635165129916]
[array([-1.57, 17.24]), 2.038903929622362, 0.42831638103393266, 0.38320580937774373]
[array([-1.57, 17.24]), 2.038903929622362, 0.42831638103393266, 0.38320580937774373]
[array([-1.64, 17.38]), 2.0462048164163797, 0.5067443222287343, 0.39050669617176137]
[array([-1.74, 17.51]), 2.128817882164429, 0.8654793939843783, 0.4731197619198104]
[array([-1.74, 17.51]), 2.128817882164429, 0.8654793939843783, 0.4731197619198104]
[array([-1.85, 17.64]), 2.190044206857315, 1.18294264420783, 0.5343460866126968]
[array([-1.85, 17.64]), 2.190044206857315, 1.18294264420783, 0.5343460866126968]
[array([-1.95, 17.76]), 2.229550607140833, 1.4285196930703963, 0.5738524868962145]
[array([-1.95, 17.76]), 2.229550607140833, 1.4285196930703963, 0.5738524868962145]
[array([-2.06, 17.89]), 2.2546971364706416, 1.6434606727110932, 0.5989990162260233]
[array([-2.18, 18.01]), 2.318755257874889, 2.0611252041940173, 0.7048202429839685]
[array([-2.18, 18.01]), 2.318755257874889, 2.0611252041940173, 0.7048202429839685]
[array([-2.3 , 18.13]), 2.3470615312825083, 2.336452538799526, 0.7331265163915879]
[array([-2.4 , 18.24]), 2.3415759614434903, 2.448644352809906, 0.72764094655257]
[array([-2.4 , 18.24]), 2.3415759614434903, 2.448644352809906, 0.72764094655257]
[array([-2.53, 18.34]), 2.3635630957613394, 2.7217075396386434, 0.749628080870419]
[array([-2.53, 18.34]), 2.3635630957613394, 2.7217075396386434, 0.749628080870419]
[array([-2.63, 18.46]), 2.340506074612018, 2.735658044457831, 0.7265710597210975]
[array([-2.73, 18.58]), 2.3069693985020217, 2.6807489263483646, 0.6930343836111013]
[array([-2.73, 18.58]), 2.3069693985020217, 2.6807489263483646, 0.6930343836111013]
[array([-2.83, 18.69]), 2.3101263500530287, 2.8233973174976965, 0.6755867107254447]
[array([-2.83, 18.69]), 2.3101263500530287, 2.8233973174976965, 0.6755867107254447]
[array([-2.91, 18.8 ]), 2.2670343453542143, 2.7044771111515944, 0.6324947060266304]
[array([-2.98, 18.92]), 2.1962779993466635, 2.460407644339949, 0.5617383600190795]
[array([-2.98, 18.92]), 2.1962779993466635, 2.460407644339949, 0.5617383600190795]
[array([-3.07, 19.04]), 2.177910154298675, 2.48043286628117, 0.543370514971091]
[array([-3.07, 19.04]), 2.177910154298675, 2.48043286628117, 0.543370514971091]
[array([-3.15, 19.17]), 2.1690477214228983, 2.5247856378759046, 0.5345080820953143]
[array([-3.21, 19.3 ]), 2.0974523956439137, 2.2857982371552796, 0.4629127563163298]
[array([-3.21, 19.3 ]), 2.0974523956439137, 2.2857982371552796, 0.4629127563163298]
[array([-3.29, 19.44]), 2.092795159067892, 2.348473227050627, 0.458255519740308]
[array([-3.29, 19.44]), 2.092795159067892, 2.348473227050627, 0.458255519740308]
[array([-3.36, 19.58]), 2.0680640181000576, 2.3174537880047383, 0.43352437877247363]
[array([-3.41, 19.73]), 2.0115998242712374, 2.150817391983543, 0.37706018494365345]
[array([-3.41, 19.73]), 2.0115998242712374, 2.150817391983543, 0.37706018494365345]
[array([-3.47, 19.88]), 1.9622944474353232, 2.032421115541914, 0.32775480810773927]
[array([-3.47, 19.88]), 1.9622944474353232, 2.032421115541914, 0.32775480810773927]
[array([-3.52, 20.03]), 1.937575698305178, 1.9898014755340132, 0.303036058977594]
[array([-3.52, 20.03]), 1.937575698305178, 1.9898014755340132, 0.303036058977594]
[array([-3.57, 20.17]), 1.9038918909392382, 1.9131859773211268, 0.2693522516116542]
[array([-3.6 , 20.33]), 1.8481057575248185, 1.7595856347646757, 0.2135661181972346]
[array([-3.6 , 20.33]), 1.8481057575248185, 1.7595856347646757, 0.2135661181972346]
[array([-3.63, 20.48]), 1.7985127504281755, 1.6305421754351392, 0.16397311110059154]
[array([-3.63, 20.48]), 1.7985127504281755, 1.6305421754351392, 0.16397311110059154]
[array([-3.67, 20.63]), 1.7920911605113128, 1.6397030549050307, 0.15755152118372884]
[array([-3.67, 20.63]), 1.7920911605113128, 1.6397030549050307, 0.15755152118372884]
[array([-3.68, 20.79]), 1.7077287512539894, 1.3820599689482795, 0.07318911192640543]
[array([-3.68, 20.79]), 1.7077287512539894, 1.3820599689482795, 0.07318911192640543]
[array([-3.69, 20.94]), 1.699110315407641, 1.3667097570560143, 0.06457067608005707]
[array([-3.71, 21.09]), 1.7001699047965273, 1.3597363048255675, -0.13012688581705856]
[array([-3.71, 21.09]), 1.7001699047965273, 1.3597363048255675, -0.13012688581705856]
[array([-3.71, 21.23]), 1.6188414013779455, 1.1147844430672407, -0.21145538923564033]
[array([-3.71, 21.23]), 1.6188414013779455, 1.1147844430672407, -0.21145538923564033]
[array([-3.73, 21.38]), 1.6442935378597792, 1.1574508511160346, -0.1860032527538067]
[array([-3.72, 21.54]), 1.6058395711152136, 1.0078991254096865, -0.22445721949837227]
[array([-3.72, 21.54]), 1.6058395711152136, 1.0078991254096865, -0.22445721949837227]
[array([-3.71, 21.7 ]), 1.558822495461589, 0.836770941907122, -0.27147429515199684]
[array([-3.71, 21.7 ]), 1.558822495461589, 0.836770941907122, -0.27147429515199684]
[array([-3.7 , 21.84]), 1.5244124565938952, 0.7020752459287858, -0.3058843340196906]
[array([-3.69, 22.01]), 1.515331159429918, 0.6269046239071134, -0.31496563118366794]
[array([-3.69, 22.01]), 1.515331159429918, 0.6269046239071134, -0.31496563118366794]
[array([-3.67, 22.14]), 1.4426554748439484, 0.37770423398522074, -0.38764131576963745]
[array([-3.67, 22.14]), 1.4426554748439484, 0.37770423398522074, -0.38764131576963745]
[array([-3.63, 22.3 ]), 1.405221303981324, 0.19444955514625767, -0.4250754866322619]
[array([-3.63, 22.3 ]), 1.405221303981324, 0.19444955514625767, -0.4250754866322619]
[array([-3.62, 22.45]), 1.407339435561544, 0.1100295170111442, -0.6920813946097368]
[array([-3.57, 22.59]), 1.3165648611653196, -0.2998660057480017, -0.7828559690059613]
[array([-3.57, 22.59]), 1.3165648611653196, -0.2998660057480017, -0.7828559690059613]
[array([-3.53, 22.75]), 1.3022788176389701, -0.5071387461356361, -0.7971420125323108]
[array([-3.53, 22.75]), 1.3022788176389701, -0.5071387461356361, -0.7971420125323108]
[array([-3.48, 22.89]), 1.2629593421183414, -0.811999542624378, -0.8364614880529395]
[array([-3.48, 22.89]), 1.2629593421183414, -0.811999542624378, -0.8364614880529395]
[array([-3.35, 23.16]), 1.1633680624727414, -1.6444426357734738, -0.9821278832643445]
[array([-3.35, 23.16]), 1.1633680624727414, -1.6444426357734738, -0.9821278832643445]
[array([-3.26, 23.3 ]), 1.0903303965999087, -2.3725651803879244, -1.0551655491371772]
[array([-3.26, 23.3 ]), 1.0903303965999087, -2.3725651803879244, -1.0551655491371772]
[array([-3.18, 23.42]), 1.0329254703042638, -3.090191119850414, -1.043451911364839]
[array([-3.18, 23.42]), 1.0329254703042638, -3.090191119850414, -1.043451911364839]
[array([-3.09, 23.55]), 1.0278008345545584, -3.420004168486783, -1.0485765471145445]
[array([-3.  , 23.67]), 0.9738853450324259, -4.243383959641694, -1.102492036636677]
[array([-3.  , 23.67]), 0.9738853450324259, -4.243383959641694, -1.102492036636677]
[array([-2.92, 23.79]), 0.9479902439864365, -4.789545529653405, -1.0796510756544577]
[array([-2.92, 23.79]), 0.9479902439864365, -4.789545529653405, -1.0796510756544577]
[array([-2.86, 23.92]), 1.0105847322799606, -4.339877177791398, -1.0170565873609336]
[array([-2.86, 23.92]), 1.0105847322799606, -4.339877177791398, -1.0170565873609336]
[array([-2.77, 24.04]), 0.9794276380721335, -4.929594248532181, -1.0482136815687606]
[array([-2.7 , 24.18]), 1.0681149732158988, -4.266284076423116, -0.9595263464249955]
[array([-2.63, 24.31]), 1.080372071486805, -4.373651043417112, -0.9472692481540892]
[array([-2.63, 24.31]), 1.080372071486805, -4.373651043417112, -0.9472692481540892]
[array([-2.56, 24.45]), 1.0772693996755345, -4.615231162669296, -0.9503719199653597]
[array([-2.56, 24.45]), 1.0772693996755345, -4.615231162669296, -0.9503719199653597]
[array([-2.51, 24.59]), 1.1602128562509866, -4.08900819830409, -0.8674284633899076]
[array([-2.51, 24.59]), 1.1602128562509866, -4.08900819830409, -0.8674284633899076]
[array([-2.46, 24.74]), 1.198420906103945, -3.984827020961076, -0.8292204135369492]
[array([-2.42, 24.89]), 1.2442225344664808, -3.8145286500301765, -0.7834187851744134]
[array([-2.42, 24.89]), 1.2442225344664808, -3.8145286500301765, -0.7834187851744134]
[array([-2.38, 25.05]), 1.2658571122754272, -3.821255101490685, -0.761784207365467]
[array([-2.38, 25.05]), 1.2658571122754272, -3.821255101490685, -0.761784207365467]
[array([-2.35, 25.19]), 1.3054441467703868, -3.697810797770186, -0.7221971728705074]
[array([-2.3 , 25.34]), 1.2822646035075758, -3.9860188601270603, -0.7453767161333185]
[array([-2.3 , 25.34]), 1.2822646035075758, -3.9860188601270603, -0.7453767161333185]
[array([-2.25, 25.49]), 1.2426407425653987, -4.410280373647647, -0.7850005770754955]
[array([-2.2 , 25.63]), 1.2362373040727566, -4.554855401414447, -0.5923301649564363]
[array([-2.2 , 25.63]), 1.2362373040727566, -4.554855401414447, -0.5923301649564363]
[array([-2.15, 25.77]), 1.184946789745624, -4.973007596040563, -0.6436206792835688]
[array([-2.15, 25.77]), 1.184946789745624, -4.973007596040563, -0.6436206792835688]
[array([-2.08, 25.92]), 1.1904485911466856, -5.072758831190845, -0.6381188778825073]
[array([-2.08, 25.92]), 1.1904485911466856, -5.072758831190845, -0.6381188778825073]
[array([-2.05, 26.06]), 1.217021229008299, -4.980338681791092, -0.611546240020894]
[array([-1.98, 26.2 ]), 1.217021229008299, -5.11022849943396, -0.611546240020894]
[array([-1.98, 26.2 ]), 1.1835564604634847, -5.290714704848637, -0.402742500256428]
[array([-1.94, 26.34]), 1.189951172309867, -5.302543707897611, -0.3963477884100457]
[array([-1.94, 26.34]), 1.189951172309867, -5.302543707897611, -0.3963477884100457]
[array([-1.89, 26.48]), 1.2252686078556736, -5.18722382142807, -0.3610303528642391]
[array([-1.85, 26.62]), 1.2366498999079278, -5.179950666141194, -0.3496490608119849]
[array([-1.81, 26.77]), 1.2537773394565241, -5.154056938973246, -0.3325216212633886]
[array([-1.81, 26.77]), 1.2537773394565241, -5.154056938973246, -0.3325216212633886]
[array([-1.77, 26.92]), 1.264346006209051, -5.147421851206981, -0.3219529545108617]
[array([-1.73, 27.06]), 1.258853804118875, -5.216008200149756, -0.3274451566010377]
[array([-1.73, 27.06]), 1.258853804118875, -5.216008200149756, -0.3274451566010377]
[array([-1.7 , 27.22]), 1.2896112179279955, -5.112362987525111, -0.29668774279191723]
[array([-1.65, 27.36]), 1.2629120436956116, -5.280906160068902, -0.3233869170243011]
[array([-1.65, 27.36]), 1.2629120436956116, -5.280906160068902, -0.3233869170243011]
[array([-1.6 , 27.52]), 1.2427929352761722, -5.434454653999925, -0.34350602544374054]
[array([-1.55, 27.66]), 1.2235534727997386, -5.546522770334848, -0.20075867560159733]
[array([-1.55, 27.66]), 1.2235534727997386, -5.546522770334848, -0.20075867560159733]
[array([-1.48, 27.8 ]), 1.203158602358484, -5.676749293669816, -0.22115354604285198]
[array([-1.48, 27.8 ]), 1.203158602358484, -5.676749293669816, -0.22115354604285198]
[array([-1.44, 27.94]), 1.1940081901561284, -5.733279619983162, -0.23030395824520755]
[array([-1.37, 28.07]), 1.1771228277747838, -5.853054137435914, -0.24718932062655208]
[array([-1.37, 28.07]), 1.1771228277747838, -5.853054137435914, -0.24718932062655208]
[array([-1.32, 28.21]), 1.161752934782946, -5.957148039248094, -0.26255921361838985]
[array([-1.24, 28.35]), 1.1314313296880485, -6.123763860264764, -0.2224913814404399]
[array([-1.24, 28.35]), 1.1314313296880485, -6.123763860264764, -0.2224913814404399]
[array([-1.17, 28.49]), 1.1263768561742729, -6.186315024765236, -0.22754585495421553]
[array([-1.17, 28.49]), 1.1263768561742729, -6.186315024765236, -0.22754585495421553]
[array([-1.11, 28.62]), 1.112776552511032, -6.276742427134205, -0.24114615861745636]
[array([-1.04, 28.77]), 1.108739256885319, -6.3326058418349, -0.24518345424316945]
[array([-1.04, 28.77]), 1.108739256885319, -6.3326058418349, -0.24518345424316945]
[array([-0.95, 28.89]), 1.0501473321653927, -6.617712616295673, -0.1112117851033596]
[array([-0.89, 29.03]), 1.0653432158308072, -6.557437909185881, -0.09601590143794514]
[array([-0.89, 29.03]), 1.0653432158308072, -6.557437909185881, -0.09601590143794514]
[array([-0.79, 29.15]), 1.005263572456481, -6.820369401994023, -0.1560955448122714]
[array([-0.79, 29.15]), 1.005263572456481, -6.820369401994023, -0.1560955448122714]
[array([-0.72, 29.29]), 1.027761215580538, -6.748912154565564, -0.13359790168821428]
[array([-0.63, 29.41]), 1.006298901768764, -6.861983676608092, -0.003987892330729936]
[array([-0.63, 29.41]), 1.006298901768764, -6.861983676608092, -0.003987892330729936]
[array([-0.53, 29.53]), 0.9389031872359282, -7.090225957489052, -0.07138360686356571]
[array([-0.53, 29.53]), 0.9389031872359282, -7.090225957489052, -0.07138360686356571]
[array([-0.45, 29.65]), 0.9720447208032728, -6.980668334846115, -0.0382420732962212]
[array([-0.45, 29.65]), 0.9720447208032728, -6.980668334846115, -0.0382420732962212]
[array([-0.37, 29.77]), 0.9428561834587694, -7.083622425613286, -0.06743061064072453]
[array([-0.27, 29.88]), 0.9186709814809595, -7.182261154973202, 0.0007212857868391653]
[array([-0.27, 29.88]), 0.9186709814809595, -7.182261154973202, 0.0007212857868391653]
[array([-0.17, 29.99]), 0.8930300003740598, -7.259601000272424, -0.024919695320060553]
[array([-0.06, 30.1 ]), 0.8447641416406334, -7.435026764158204, -0.07318555405348692]
[array([-0.06, 30.1 ]), 0.8447641416406334, -7.435026764158204, -0.07318555405348692]
[array([2.000e-02, 3.022e+01]), 0.8843787523377744, -7.305960099168328, -0.03357094335634592]
[array([2.000e-02, 3.022e+01]), 0.8843787523377744, -7.305960099168328, -0.03357094335634592]
[array([ 0.13, 30.33]), 0.8392218486009256, -7.469634189658302, -0.0416300291292373]
[array([ 0.13, 30.33]), 0.8392218486009256, -7.469634189658302, -0.0416300291292373]
[array([ 0.23, 30.44]), 0.8250701954269799, -7.518457369962732, -0.05578168230318303]
[array([ 0.33, 30.55]), 0.8295848386031135, -7.507099458348284, -0.05126703912704944]
[array([ 0.33, 30.55]), 0.8295848386031135, -7.507099458348284, -0.05126703912704944]
[array([ 0.45, 30.65]), 0.7855508797069972, -7.685826234684344, -0.09530099802316572]
[array([ 0.45, 30.65]), 0.7855508797069972, -7.685826234684344, -0.09530099802316572]
[array([ 0.56, 30.74]), 0.7420628598009054, -7.870642041615661, -0.26506234391294514]
[array([ 0.56, 30.74]), 0.7420628598009054, -7.870642041615661, -0.26506234391294514]
[array([ 0.68, 30.85]), 0.7599938489371187, -7.830076973953597, -0.24713135477673176]
[array([ 0.8 , 30.95]), 0.7409327591102389, -7.973304443776248, -0.2661924446036116]
[array([ 0.92, 31.05]), 0.7180235673485608, -8.139481622347368, -0.28910163636528974]
[array([ 0.92, 31.05]), 0.7180235673485608, -8.139481622347368, -0.28910163636528974]
[array([ 1.04, 31.15]), 0.6994326692221676, -8.28768327040868, -0.3076925344916829]
[array([ 1.04, 31.15]), 0.6994326692221676, -8.28768327040868, -0.3076925344916829]
[array([ 1.16, 31.24]), 0.6789534993780422, -8.482637845046783, -0.4686143694662199]
[array([ 1.16, 31.24]), 0.6789534993780422, -8.482637845046783, -0.4686143694662199]
[array([ 1.27, 31.33]), 0.6856033783610658, -8.500512689022814, -0.4619644904831963]
[array([ 1.27, 31.33]), 0.6856033783610658, -8.500512689022814, -0.4619644904831963]
[array([ 1.41, 31.43]), 0.6555540446294795, -8.821081060229357, -0.49201382421478257]
[array([ 1.53, 31.5 ]), 0.600518053727567, -9.468018297717853, -0.8596210518934342]
[array([ 1.53, 31.5 ]), 0.600518053727567, -9.468018297717853, -0.8596210518934342]
[array([ 1.66, 31.59]), 0.5992401236492558, -9.668338739884357, -0.8608989819717453]
[array([ 1.78, 31.68]), 0.5948041948223879, -9.899324790909247, -0.8653349107986132]
[array([ 1.78, 31.68]), 0.5948041948223879, -9.899324790909247, -0.8653349107986132]
[array([ 1.92, 31.74]), 0.5216382472495329, -11.450210383032278, -1.1022056093068346]
[array([ 1.92, 31.74]), 0.5216382472495329, -11.450210383032278, -1.1022056093068346]
[array([ 2.04, 31.83]), 0.5739253445795548, -10.621125512546163, -0.9276747035967593]
[array([ 2.04, 31.83]), 0.5739253445795548, -10.621125512546163, -0.9276747035967593]
[array([ 2.18, 31.9 ]), 0.52396808726802, -11.987092993896784, -1.0998757692883476]
[array([ 2.3 , 31.96]), 0.5033180496901242, -14.234123119761508, -1.4734282640530694]
[array([ 2.3 , 31.96]), 0.5033180496901242, -14.234123119761508, -1.4734282640530694]
[array([ 2.45, 32.04]), 0.5010074082934091, -16.51260719056349, -1.5158944674448904]
[array([ 2.45, 32.04]), 0.5010074082934091, -16.51260719056349, -1.5158944674448904]
[array([ 2.58, 32.09]), 0.44537137319466097, -21.06884006932636, -1.2151831277901866]
[array([ 2.71, 32.17]), 0.4783380247709557, -19.634211104252618, -1.1822164762138918]
[array([ 2.71, 32.17]), 0.4783380247709557, -19.634211104252618, -1.1822164762138918]
[array([ 2.85, 32.23]), 0.4453008618928799, -21.878602913970603, -1.2152536390919675]
[array([ 2.85, 32.23]), 0.4453008618928799, -21.878602913970603, -1.2152536390919675]
[array([ 2.99, 32.28]), 0.3908169186333733, -26.335880777163958, -1.2697375823514743]
[array([ 3.12, 32.35]), 0.4299491203252628, -23.706754839087296, -1.2306053806595847]
[array([ 3.12, 32.35]), 0.4299491203252628, -23.706754839087296, -1.2306053806595847]
[array([ 3.27, 32.39]), 0.37852753177130527, -28.468933299299124, -1.2820269692135422]
[array([ 3.27, 32.39]), 0.37852753177130527, -28.468933299299124, -1.2820269692135422]
