[-0.19944217283935087, -0.04660065116086576, 10]
[-0.24811759022633342, -0.04451287338308821, 10]
[-0.24811759022633342, -0.04451287338308821, 10]
[-0.28905379384398466, -0.05282115116086605, 10]
[-0.28905379384398466, -0.05282115116086605, 10]
[-0.23079729049427442, -0.03602142893864377, 10]
[-0.23079729049427442, -0.03602142893864377, 10]
[-0.21257040774702035, -0.02958376227197688, 10]
[-0.3623146694095809, -0.06686870671642148, 10]
[-0.3623146694095809, -0.06686870671642148, 10]
[-0.32371430792084943, -0.057025484494199356, 10]
[-0.32371430792084943, -0.057025484494199356, 10]
[-0.2765516346787732, -0.042313595605310395, 10]
[-0.3392250330544049, -0.05688542893864372, 10]
[-0.3392250330544049, -0.05688542893864372, 10]
[-0.3756766349504721, -0.06497187338308809, 10]
[-0.3756766349504721, -0.06497187338308809, 10]
[-0.31563414337685936, -0.0478152067164216, 10]
[-0.31563414337685936, -0.0478152067164216, 10]
[-0.38653915801747757, -0.06353420671642145, 10]
[-0.38653915801747757, -0.06353420671642145, 10]
[-0.35308698792920545, -0.05397698449419917, 10]
[-0.296805585607669, -0.03770348449419936, 10]
[-0.296805585607669, -0.03770348449419936, 10]
[-0.31450469945920334, -0.04054487338308804, 10]
[-0.31450469945920334, -0.04054487338308804, 10]
[-0.32808336413540606, -0.04214420671642157, 10]
[-0.3193439503736259, -0.03964254004975476, 10]
[-0.3193439503736259, -0.03964254004975476, 10]
[-0.23688213554802795, -0.016724928938643812, 10]
[-0.23688213554802795, -0.016724928938643812, 10]
[-0.20561905559022225, -0.008601873383088252, 10]
[-0.20561905559022225, -0.008601873383088252, 10]
[-0.1668270472096382, 0.00043779328357842687, 10]
[-0.19580231010408572, -0.0057918178275326755, 10]
[-0.19580231010408572, -0.0057918178275326755, 10]
[-0.18790219791212934, -0.0057918178275326755, 10]
[-0.1289822515421819, 0.011495848839134062, 10]
[-0.06240828375042744, 0.027203959950245157, 10]
[-0.06240828375042744, 0.027203959950245157, 10]
[-0.05929748779265983, 0.02698173772802302, 10]
[-0.05929748779265983, 0.02698173772802302, 10]
[0.012296844519065282, 0.044158571061356254, -10]
[0.08008945177242417, 0.059587404394689666, -10]
[0.09615581877059655, 0.06270090439468966, -10]
[0.09615581877059655, 0.06270090439468966, -10]
[0.15031011687579093, 0.07414873772802295, -10]
[0.15031011687579093, 0.07414873772802295, -10]
[0.1805598572587918, 0.07978257106135637, -10]
[0.1805598572587918, 0.07978257106135637, -10]
[0.25933402350377366, 0.09467601550580067, -10]
[0.25933402350377366, 0.09467601550580067, -10]
[0.30175118172786186, 0.10062984883913413, -10]
[0.3653706184882212, 0.10948857106135626, -10]
[0.3653706184882212, 0.10948857106135626, -10]
[0.5502764350391762, 0.14630557106135625, -10]
[0.5502764350391762, 0.14630557106135625, -10]
[0.5917456327310048, 0.14856807106135633, -10]
[0.7069356538009788, 0.16390868217246743, -10]
[0.7069356538009788, 0.16390868217246743, -10]
[0.8625046023377536, 0.18580762661691197, -10]
[0.8625046023377536, 0.18580762661691197, -10]
[0.9082618822657607, 0.18678412661691185, -10]
[0.9669074944614945, 0.1898506821724673, -10]
[0.9669074944614945, 0.1898506821724673, -10]
[1.0412022312270108, 0.21987276649441373, -10]
[1.0412022312270108, 0.21987276649441373, -10]
[1.0712756503394048, 0.21713659982774708, -10]
[1.0712756503394048, 0.21713659982774708, -10]
[0.9954847970308386, 0.19799743316108037, -10]
[1.0485261361515197, 0.19949993316108042, -10]
[1.0485261361515197, 0.19949993316108042, -10]
[1.0453074803165745, 0.20601635005291563, -10]
[1.037233472608736, 0.19807401671958236, -10]
[1.037233472608736, 0.19807401671958236, -10]
[0.9806252862183289, 0.18242073894180463, -10]
[0.9806252862183289, 0.18242073894180463, -10]
[0.9629956196044704, 0.1724863500529157, -10]
[0.9241216599741977, 0.15994323894180454, -10]
[0.9241216599741977, 0.15994323894180454, -10]
[0.9121209441410446, 0.15041812783069355, -10]
[0.9121209441410446, 0.15041812783069355, -10]
[0.9133061424756187, 0.14535168338624904, -10]
[0.9133061424756187, 0.14535168338624904, -10]
[0.7888295188646983, 0.11481785005291564, -10]
[0.8133644949801164, 0.11462929449736013, -10]
[0.8133644949801164, 0.11462929449736013, -10]
[0.835806209494193, 0.11383973894180456, -10]
[0.835806209494193, 0.11383973894180456, -10]
[0.7316827374290193, 0.08634640560847132, -10]
[0.7309668597606206, 0.08215162783069346, -10]
[0.7309668597606206, 0.08215162783069346, -10]
[0.7100205654114399, 0.07344873894180459, -10]
[0.7100205654114399, 0.07344873894180459, -10]
[0.6159887634585137, 0.049873072275137834, -10]
[0.6159887634585137, 0.049873072275137834, -10]
[0.6046828390666377, 0.049147220744474245, -10]
[0.6046828390666377, 0.049147220744474245, -10]
[0.5888314730681113, 0.04181933185558557, -10]
[0.5888314730681113, 0.04181933185558557, -10]
[0.5407755176743017, 0.02888783185558554, -10]
[0.5014647825014548, 0.01711210963336313, -10]
[0.5014647825014548, 0.01711210963336313, -10]
[0.4823648555070482, 0.01076277630002983, -10]
[0.4823648555070482, 0.01076277630002983, -10]
[0.4217280980591097, -0.005212112588858926, -10]
[0.4217280980591097, -0.005212112588858926, -10]
[0.37832581939827603, -0.01763683481108113, -10]
[0.3670625315998273, -0.019745890366636765, -10]
[0.3670625315998273, -0.019745890366636765, -10]
[0.32833241206017727, -0.03099839036663669, -10]
[0.32833241206017727, -0.03099839036663669, -10]
[0.2781011259824878, -0.04339183481108106, -10]
[0.2781011259824878, -0.04339183481108106, -10]
[0.23668207172396535, -0.0531078348110813, -10]
[0.23668207172396535, -0.0531078348110813, -10]
[0.15643128970219558, -0.07260802549404682, -10]
[0.09921585396643631, -0.08338624771626886, -10]
[0.09921585396643631, -0.08338624771626886, -10]
[0.03338422936021274, -0.09779519216071333, 10]
[0.03338422936021274, -0.09779519216071333, 10]
[-0.007073179941201805, -0.10464419216071336, 10]
[-0.007073179941201805, -0.10464419216071336, 10]
[-0.07753782999565793, -0.11722496993849121, 10]
[-0.1521123281458094, -0.13092858104960237, 10]
[-0.1521123281458094, -0.13092858104960237, 10]
[-0.21627068094430676, -0.13968735882738004, 10]
[-0.21627068094430676, -0.13968735882738004, 10]
[-0.34533789210852334, -0.16287674771626884, 10]
[-0.34533789210852334, -0.16287674771626884, 10]
[-0.6042907500189625, -0.21419348211097175, 10]
[-0.6042907500189625, -0.21419348211097175, 10]
[-0.626041007525793, -0.2109139265554161, 10]
[-0.626041007525793, -0.2109139265554161, 10]
[-0.7493495137628121, -0.2237803154443049, 10]
[-0.7493495137628121, -0.2237803154443049, 10]
[-0.9158257246636505, -0.24210587099986058, 10]
[-0.856086929343741, -0.22503131544430505, 10]
[-0.856086929343741, -0.22503131544430505, 10]
[-1.0220909588634313, -0.24685220234558214, 10]
[-1.0220909588634313, -0.24685220234558214, 10]
[-1.1064281803810152, -0.2510456467900265, 10]
[-1.1064281803810152, -0.2510456467900265, 10]
[-0.9701301985305143, -0.22348792456780453, 10]
[-0.9695624487874965, -0.21549675790113768, 10]
[-0.9695624487874965, -0.21549675790113768, 10]
[-0.9759912026714759, -0.2096906467900266, 10]
[-0.9233549722859941, -0.193756591234471, 10]
[-0.9233549722859941, -0.193756591234471, 10]
[-0.9326142245590823, -0.18943275790113784, 10]
[-0.9326142245590823, -0.18943275790113784, 10]
[-0.9361687243128525, -0.18294836901224895, 10]
[-0.9361687243128525, -0.18294836901224895, 10]
[-0.9155389522004513, -0.174047091234471, 10]
[-0.9155389522004513, -0.174047091234471, 10]
[-0.9509113562068681, -0.17393125790113775, 10]
[-0.9258249577673505, -0.1645522023455823, 10]
[-0.9258249577673505, -0.1645522023455823, 10]
[-0.9005437145602265, -0.16186710449045275, 10]
[-0.8604149971600842, -0.1484833822682303, 10]
[-0.8604149971600842, -0.1484833822682303, 10]
[-0.8091236120059845, -0.13289238226823036, 10]
[-0.8091236120059845, -0.13289238226823036, 10]
[-0.8212460731319693, -0.12981849337934154, 10]
[-0.8212460731319693, -0.12981849337934154, 10]
[-0.7681125527757691, -0.11445921560156362, 10]
[-0.7681125527757691, -0.11445921560156362, 10]
[-0.7162413616764739, -0.09947282671267485, 10]
[-0.7165470014014963, -0.09552699337934135, 10]
[-0.7165470014014963, -0.09552699337934135, 10]
[-0.6384893719200314, -0.07406499337934142, 10]
[-0.6384893719200314, -0.07406499337934142, 10]
[-0.5816108241658074, -0.05756966004600812, 10]
[-0.5816108241658074, -0.05756966004600812, 10]
[-0.6111555738641367, -0.06231704893489706, 10]
[-0.5559103682353752, -0.047057382268230516, 10]
[-0.5559103682353752, -0.047057382268230516, 10]
[-0.5593838159262244, -0.04581066004600804, 10]
[-0.5593838159262244, -0.04581066004600804, 10]
[-0.49971566735510253, -0.029979160046008077, 10]
[-0.4483579328421536, -0.015053993379341383, 10]
[-0.4483579328421536, -0.015053993379341383, 10]
[-0.45142457272570224, -0.013575048934896883, 10]
[-0.45142457272570224, -0.013575048934896883, 10]
[-0.3832635727847245, 0.01405664125193756, 10]
[-0.3832635727847245, 0.01405664125193756, 10]
[-0.30747003175608306, 0.032056752363048766, 10]
[-0.30376306756874605, 0.03179130791860406, 10]
[-0.30376306756874605, 0.03179130791860406, 10]
[-0.29398650964723116, 0.033664419029715426, 10]
[-0.23085539532361224, 0.04883536347415987, 10]
[-0.23085539532361224, 0.04883536347415987, 10]
[-0.15745833421244115, 0.06598169680749309, 10]
[-0.15711571038670338, 0.06246158569638198, 10]
[-0.15711571038670338, 0.06246158569638198, 10]
[-0.07697255314271371, 0.0810276968074931, -10]
[-0.07697255314271371, 0.0810276968074931, -10]
[0.0028027539281586383, 0.09913147458527087, -10]
[0.0028027539281586383, 0.09913147458527087, -10]
[0.039088046224036846, 0.10337514125193753, -10]
[0.1288843279566813, 0.11647797534577481, -10]
[0.1288843279566813, 0.11647797534577481, -10]
[0.17132655241357306, 0.121978197567997, -10]
[0.17132655241357306, 0.121978197567997, -10]
[0.20269772889149373, 0.1243021420124415, -10]
[0.3461917575937513, 0.15059869756799701, -10]
[0.3461917575937513, 0.15059869756799701, -10]
[0.47317705768313195, 0.17008764201244148, -10]
[0.47317705768313195, 0.17008764201244148, -10]
[0.5714078772281586, 0.18266291979021926, -10]
[0.5714078772281586, 0.18266291979021926, -10]
[0.6573842690844373, 0.19066730867910806, -10]
[0.8244500816776069, 0.2243512513242587, -10]
[0.8244500816776069, 0.2243512513242587, -10]
[0.9345810155198103, 0.2333614179909253, -10]
[0.9794577411239624, 0.23161530687981427, -10]
[0.9794577411239624, 0.23161530687981427, -10]
[1.0886830158554575, 0.2386140291020365, -10]
[1.0886830158554575, 0.2386140291020365, -10]
[1.0942632177831324, 0.23127475132425873, -10]
[1.0722995705393459, 0.22059969576870317, -10]
[1.0722995705393459, 0.22059969576870317, -10]
[1.1293589269990787, 0.21504592899829783, -10]
[1.1293589269990787, 0.21504592899829783, -10]
[1.0817908444606377, 0.20132931788718686, -10]
[0.9841630577359796, 0.17880687344274243, -10]
[0.9841630577359796, 0.17880687344274243, -10]
[0.9921731465124679, 0.1729602067760757, -10]
[0.9921731465124679, 0.1729602067760757, -10]
[1.009914255150362, 0.17013920677607575, -10]
[0.9143192948621118, 0.14734970677607576, -10]
[0.9143192948621118, 0.14734970677607576, -10]
[0.9393892908202508, 0.14586726233163128, -10]
[0.9393892908202508, 0.14586726233163128, -10]
[0.9269815152018953, 0.13799509566496465, -10]
[0.8603269567934172, 0.12002198455385339, -10]
[0.8603269567934172, 0.12002198455385339, -10]
[0.8129684462167657, 0.10432759566496465, -10]
[0.8129684462167657, 0.10432759566496465, -10]
[0.7959205902136053, 0.09645937344274243, -10]
[0.7959205902136053, 0.09645937344274243, -10]
[0.7652743909284507, 0.08573748455385341, -10]
[0.7038342539058703, 0.06798020677607573, -10]
[0.7038342539058703, 0.06798020677607573, -10]
[0.6522168701740557, 0.05219426233163136, -10]
[0.6522168701740557, 0.05219426233163136, -10]
[0.6558812219620123, 0.05015020677607581, -10]
[0.6558812219620123, 0.05015020677607581, -10]
[0.5528239875793118, 0.02329681788718683, -10]
[0.5528239875793118, 0.02329681788718683, -10]
[0.5466839028224058, 0.02055348455385338, -10]
[0.543894521930227, -0.04142067421387904, -10]
[0.543894521930227, -0.04142067421387904, -10]
[0.4459137772268963, -0.06730834088054584, -10]
[0.4459137772268963, -0.06730834088054584, -10]
[0.46298034044641384, -0.05920667421387906, -10]
[0.4031596501638746, -0.071446951991657, -10]
[0.4031596501638746, -0.071446951991657, -10]
[0.3347083767628488, -0.08641295199165691, -10]
[0.3347083767628488, -0.08641295199165691, -10]
[0.2808300983715143, -0.09736600754721234, -10]
[0.25076184956284536, -0.10025667421387914, -10]
[0.25076184956284536, -0.10025667421387914, -10]
[0.1510816935940883, -0.12339006310276816, -10]
[0.1510816935940883, -0.12339006310276816, -10]
[0.07777982205850306, -0.13530572976943472, 10]
[0.07777982205850306, -0.13530572976943472, 10]
[0.04401180680445768, -0.22029634994814445, 10]
[-0.11994640229920069, -0.2491907943925887, 10]
[-0.11994640229920069, -0.2491907943925887, 10]
[-0.20285549845425446, -0.2537381832814777, 10]
[-0.20285549845425446, -0.2537381832814777, 10]
[-0.3247998170497512, -0.26625396105925536, 10]
[-0.3247998170497512, -0.26625396105925536, 10]
[-0.6577770543093895, -0.31262101473980075, 10]
[-0.6577770543093895, -0.31262101473980075, 10]
[-0.9490260721551698, -0.33586962585091185, 10]
[-0.9490260721551698, -0.33586962585091185, 10]
[-1.2360764479401656, -0.33214105914480074, 10]
[-1.2360764479401656, -0.33214105914480074, 10]
[-1.368001667394713, -0.3337722813670229, 10]
[-1.6973535838566776, -0.35093411470035624, -5]
[-1.6973535838566776, -0.35093411470035624, -5]
[-1.915818211861362, -0.3436636110097776, -5]
[-1.915818211861362, -0.3436636110097776, -5]
[-1.7359508711165592, -0.32373916656533336, -5]
[-1.7359508711165592, -0.32373916656533336, -5]
[-1.9718376994128726, -0.3336567776764444, -5]
[-1.7065136305692463, -0.30542672212088884, -5]
[-1.7494604173668449, -0.3015251665653331, -5]
[-1.7494604173668449, -0.3015251665653331, -5]
[-1.8460924650677186, -0.3025127776764443, -5]
[-1.8460924650677186, -0.3025127776764443, -5]
[-1.6356032793216362, -0.27611105545422193, 10]
[-1.6356032793216362, -0.27611105545422193, 10]
[-1.5939308083844304, -0.26394905545422215, 10]
[-1.5258114600120707, -0.2493699443431111, 10]
[-1.5258114600120707, -0.2493699443431111, 10]
[-1.528502040596274, -0.242483444343111, 10]
[-1.528502040596274, -0.242483444343111, 10]
[-1.4791243191080743, -0.22988249989866663, 10]
[-1.594407544050824, -0.23726077767644427, 10]
[-1.594407544050824, -0.23726077767644427, 10]
[-1.7641121494590588, -0.24987344434311098, -5]
[-1.8219421605657788, -0.18854454739050922, -5]
[-1.8219421605657788, -0.18854454739050922, -5]
[-1.9892030384162251, -0.20487082516828684, -5]
[-1.9892030384162251, -0.20487082516828684, -5]
[-2.0291035324763382, -0.20311954739050914, -5]
[-2.0291035324763382, -0.20311954739050914, -5]
[-1.9921354727164367, -0.1946612140571759, -5]
[-2.044091399773584, -0.1946612140571759, -5]
[-2.1162858819394548, -0.12819691941799888, -5]
[-2.1210174831590445, -0.1261614194179988, -5]
[-2.1210174831590445, -0.1261614194179988, -5]
[-2.074889528571228, -0.11491953052910975, -5]
[-2.0719802664564773, -0.11129675275133222, -5]
[-2.0616227755892984, -0.10584491941799877, -5]
[-2.0616227755892984, -0.10584491941799877, -5]
[-2.0589687404827925, -0.10248080830688752, -5]
[-2.086403280059902, -0.10422903052910983, -5]
[-2.086403280059902, -0.10422903052910983, -5]
[-2.0449451950100443, -0.09443864164022094, -5]
[-2.112362464027561, -0.10293725275133225, -5]
[-2.112362464027561, -0.10293725275133225, -5]
[-2.17378186159997, -0.10934136386244336, -5]
[-2.218609108133939, -0.063903471181153, -5]
[-2.218609108133939, -0.063903471181153, -5]
[-2.2706997174679264, -0.07039536007004192, -5]
[-2.2706997174679264, -0.07039536007004192, -5]
[-2.293311847993265, -0.0733080267367085, -5]
[-2.341221654974366, -0.07868280451448634, -5]
[-2.341221654974366, -0.07868280451448634, -5]
[-2.3828592156992374, -0.08357519340337526, -5]
[-2.4495055441059055, -0.07082120630318078, -5]
[-2.4495055441059055, -0.07082120630318078, -5]
[-2.474526009906094, -0.0724300951920697, -5]
[-2.474526009906094, -0.0724300951920697, -5]
[-2.510696970853682, -0.07675920630318087, -5]
[-2.53304233673396, -0.07804431741429192, -5]
[-2.53304233673396, -0.07804431741429192, -5]
[-2.6470850465182694, -0.03539981065854658, -5]
[-2.6229751636743526, -0.03056281065854638, -5]
[-2.6229751636743526, -0.03056281065854638, -5]
[-2.7281477607976092, -0.04968675510299091, -5]
[-2.7281477607976092, -0.04968675510299091, -5]
[-2.6995648618262256, -0.04252553288076875, -5]
[-2.744793470643237, -0.0012693855539078578, -5]
[-2.744793470643237, -0.0012693855539078578, -5]
[-2.8360903829956206, -0.02272210777613006, -5]
[-2.8360903829956206, -0.02272210777613006, -5]
[-2.792267333938446, -0.012172829998352352, -5]
[-2.792267333938446, -0.012172829998352352, -5]
[-2.8334489702453145, -0.02146382999835253, -5]
[-2.8729044619892807, 0.00022959239671476063, -5]
[-2.8729044619892807, 0.00022959239671476063, -5]
[-2.9038404001089697, -0.007932185381063215, -5]
[-2.9740107056632814, -0.023295685381063084, -5]
[-2.9740107056632814, -0.023295685381063084, -5]
[-2.922384039667331, -0.010685963158840952, -5]
[-2.922384039667331, -0.010685963158840952, -5]
[-2.9878536758633207, -0.013251249833955417, -5]
[-2.9878536758633207, -0.013251249833955417, -5]
[-3.007382947985093, -0.01775586094506656, -5]
[-3.0028397833393137, -0.01631880538951105, -5]
[-3.0028397833393137, -0.01631880538951105, -5]
[-3.0743304938737372, -0.03033524983395554, -5]
[-3.0743304938737372, -0.03033524983395554, -5]
[-3.1482568166462643, -0.08437196452253835, -5]
[-3.1482568166462643, -0.08437196452253835, -5]
[-3.1320307895814388, -0.07866435341142748, -5]
[-3.189321777510499, -0.08473168674476061, -5]
[-3.2557926489389475, -0.09202390896698302, -5]
[-3.2557926489389475, -0.09202390896698302, -5]
[-3.315073308163472, -0.09794157563364966, -5]
[-3.315073308163472, -0.09794157563364966, -5]
[-3.3930551380187133, -0.1491645866088813, -5]
[-3.3930551380187133, -0.1491645866088813, -5]
[-3.4002050756091258, -0.14704786438665907, -5]
[-3.4002050756091258, -0.14704786438665907, -5]
[-3.5284324240917426, -0.15661286438665903, -5]
[-3.787207319087141, -0.27362587918938946, -5]
[-3.787207319087141, -0.27362587918938946, -5]
[-3.8673354959537427, -0.2740326569671675, -5]
[-3.959729916363699, -0.27544465696716725, -5]
[-3.959729916363699, -0.27544465696716725, -5]
[-4.580084153212911, -0.3508429420495942, -5]
[-4.580084153212911, -0.3508429420495942, -5]
[-4.248450205018465, -0.2952880293174662, -5]
[-4.248450205018465, -0.2952880293174662, -5]
[-4.794837197558714, -0.35010133093848317, -5]
[-5.693649247904603, -0.4690067830307128, -5]
[-5.693649247904603, -0.4690067830307128, -5]
[-6.605042876225395, -0.4825241953990211, -5]
[-6.605042876225395, -0.4825241953990211, -5]
[-8.427536027730543, -0.38680480309935705, -5]
[-7.853684441701047, -0.376311191988246, -5]
[-7.853684441701047, -0.376311191988246, -5]
[-8.751441165588242, -0.3868272475438016, -5]
[-8.751441165588242, -0.3868272475438016, -5]
[-10.534352310865582, -0.4041700253215793, -5]
[-9.482701935634918, -0.3917138586549128, -5]
[-9.482701935634918, -0.3917138586549128, -5]
[-11.38757331971965, -0.40808185865491275, -5]
[-11.38757331971965, -0.40808185865491275, -5]
