[array([-0.04,  0.65]), 1.584177242571161, -0.9228536821795186, -0.2710867451936996]
[array([-0.07,  0.84]), 1.6288732048525592, -0.8099056135402045, -0.22639078291230152]
[array([-0.08,  0.93]), 1.6340812673405096, -0.8160029566642041, -0.22118272042435105]
[array([-0.08,  0.93]), 1.6340812673405096, -0.8160029566642041, -0.22118272042435105]
[array([-0.07,  1.01]), 1.579043182043495, -1.017122236687919, -0.27622080572136576]
[array([-0.08,  1.1 ]), 1.6293409530920933, -0.8790760392605346, -0.22592303467276742]
[array([-0.08,  1.1 ]), 1.6293409530920933, -0.8790760392605346, -0.22592303467276742]
[array([-0.09,  1.18]), 1.644026153418373, -0.8489104963216616, -0.21123783434648757]
[array([-0.09,  1.18]), 1.644026153418373, -0.8489104963216616, -0.21123783434648757]
[array([-0.09,  1.27]), 1.604687479275972, -0.9865483873244547, -0.2505765084888887]
[array([-0.09,  1.27]), 1.604687479275972, -0.9865483873244547, -0.2505765084888887]
[array([-0.09,  1.36]), 1.6122887372342587, -0.9953948734435438, -0.24297525053060198]
[array([-0.1 ,  1.45]), 1.610660345042148, -1.0099147105501298, -0.24460364272271273]
[array([-0.1 ,  1.45]), 1.610660345042148, -1.0099147105501298, -0.24460364272271273]
[array([-0.09,  1.55]), 1.5820325819863104, -1.1388062467874411, -0.2732314057785503]
[array([-0.09,  1.65]), 1.5408956951155797, -1.3037638585360332, -0.314368292649281]
[array([-0.09,  1.65]), 1.5408956951155797, -1.3037638585360332, -0.314368292649281]
[array([-0.1 ,  1.76]), 1.590659395413068, -1.1649467073631203, -0.2646045923517928]
[array([-0.1 ,  1.76]), 1.590659395413068, -1.1649467073631203, -0.2646045923517928]
[array([-0.1 ,  1.86]), 1.5949642500131118, -1.1831797935077029, -0.26029973775174886]
[array([-0.1 ,  1.86]), 1.5949642500131118, -1.1831797935077029, -0.26029973775174886]
[array([-0.1 ,  1.97]), 1.5706675214960992, -1.2903580787296667, -0.28459646626876145]
[array([-0.11,  2.08]), 1.622206570708716, -1.1485245233032544, -0.23305741705614458]
[array([-0.11,  2.08]), 1.622206570708716, -1.1485245233032544, -0.23305741705614458]
[array([-0.11,  2.08]), 1.622206570708716, -1.1485245233032544, -0.23305741705614458]
[array([-0.11,  2.08]), 1.622206570708716, -1.1485245233032544, -0.23305741705614458]
[array([-0.13,  2.32]), 1.6546920350102365, -1.100747175948612, -0.20057195275462414]
[array([-0.13,  2.32]), 1.6546920350102365, -1.100747175948612, -0.20057195275462414]
[array([-0.13,  2.32]), 1.6546920350102365, -1.100747175948612, -0.20057195275462414]
[array([-0.17,  2.56]), 1.674621949738759, -1.0680952374933848, -0.18064203802610157]
[array([-0.17,  2.56]), 1.674621949738759, -1.0680952374933848, -0.18064203802610157]
[array([-0.19,  2.68]), 1.7079303367825946, -0.989066967323743, -0.14733365098226603]
[array([-0.2 ,  2.81]), 1.690177720295934, -1.0668835837620052, -0.16508626746892663]
[array([-0.2 ,  2.81]), 1.690177720295934, -1.0668835837620052, -0.16508626746892663]
[array([-0.22,  2.93]), 1.7396209781427565, -0.9367420246648102, -0.11564300962210416]
[array([-0.22,  2.93]), 1.7396209781427565, -0.9367420246648102, -0.11564300962210416]
[array([-0.24,  3.06]), 1.7075074435048367, -1.0510455549747384, -0.14775654426002394]
[array([-0.24,  3.06]), 1.7075074435048367, -1.0510455549747384, -0.14775654426002394]
[array([-0.25,  3.19]), 1.696396677486641, -1.1103698922555245, -0.15886731027821965]
[array([-0.3 ,  3.31]), 1.7808358812310519, -0.8494275478524899, -0.07442810653380882]
[array([-0.3 ,  3.31]), 1.7808358812310519, -0.8494275478524899, -0.07442810653380882]
[array([-0.3 ,  3.45]), 1.6989715617321075, -1.1243246591709466, -0.15629242603275317]
[array([-0.3 ,  3.45]), 1.6989715617321075, -1.1243246591709466, -0.15629242603275317]
[array([-0.32,  3.58]), 1.703822878920951, -1.130668886225867, -0.1514411088439096]
[array([-0.32,  3.58]), 1.703822878920951, -1.130668886225867, -0.1514411088439096]
[array([-0.38,  3.7 ]), 1.8105548241352354, -0.8027645452194868, -0.04470916362962529]
[array([-0.38,  3.7 ]), 1.8105548241352354, -0.8027645452194868, -0.04470916362962529]
[array([-0.38,  3.7 ]), 1.8105548241352354, -0.8027645452194868, -0.04470916362962529]
[array([-0.43,  3.96]), 1.7796047259766952, -0.9136149487593651, -0.07565926178816551]
[array([-0.43,  3.96]), 1.7796047259766952, -0.9136149487593651, -0.07565926178816551]
[array([-0.49,  4.1 ]), 1.8465173333725784, -0.7008441698279142, -0.008746654392282283]
[array([-0.51,  4.23]), 1.8035762996540616, -0.8416072724763627, -0.051687688110799046]
[array([-0.51,  4.23]), 1.8035762996540616, -0.8416072724763627, -0.051687688110799046]
[array([-0.54,  4.37]), 1.7928207081386458, -0.8790028264500652, -0.062443279626214876]
[array([-0.54,  4.37]), 1.7928207081386458, -0.8790028264500652, -0.062443279626214876]
[array([-0.59,  4.5 ]), 1.8644350580064775, -0.6730376703020465, 0.009171070241616786]
[array([-0.59,  4.5 ]), 1.8644350580064775, -0.6730376703020465, 0.009171070241616786]
[array([-0.64,  4.65]), 1.866378133062723, -0.6580531740468843, 0.011114145297862255]
[array([-0.64,  4.65]), 1.866378133062723, -0.6580531740468843, 0.011114145297862255]
[array([-0.69,  4.79]), 1.8855140975145137, -0.5982782321184452, 0.03025010974965303]
[array([-0.73,  4.92]), 1.8853395645893145, -0.5987634315145177, 0.03007557682445383]
[array([-0.73,  4.92]), 1.8853395645893145, -0.5987634315145177, 0.03007557682445383]
[array([-0.73,  4.92]), 1.8853395645893145, -0.5987634315145177, 0.03007557682445383]
[array([-0.83,  5.21]), 1.8790825592209144, -0.5940646237615163, 0.023818571456053705]
[array([-0.83,  5.21]), 1.8790825592209144, -0.5940646237615163, 0.023818571456053705]
[array([-0.89,  5.33]), 1.9276870118292282, -0.44647629324203075, 0.07242302406436751]
[array([-0.89,  5.33]), 1.9276870118292282, -0.44647629324203075, 0.07242302406436751]
[array([-0.94,  5.47]), 1.9473039890228692, -0.3732396242313926, 0.09204000125800849]
[array([-0.94,  5.47]), 1.9473039890228692, -0.3732396242313926, 0.09204000125800849]
[array([-1.  ,  5.61]), 1.9338911337212923, -0.39762402552551185, 0.07862714595643161]
[array([-1.06,  5.74]), 1.9338911337212923, -0.3753993289570804, 0.07862714595643161]
[array([-1.06,  5.74]), 1.9835818792560473, -0.23545178624684768, 0.12831789149118666]
[array([-1.12,  5.87]), 1.9949139530233961, -0.18160924437129788, 0.13964996525853546]
[array([-1.12,  5.87]), 1.9949139530233961, -0.18160924437129788, 0.13964996525853546]
[array([-1.19,  6.  ]), 1.9911812173521561, -0.16965171722122285, 0.13591722958729546]
[array([-1.25,  6.13]), 2.024922620583411, -0.0443936870192061, 0.3591745874457579]
[array([-1.25,  6.13]), 2.024922620583411, -0.0443936870192061, 0.3591745874457579]
[array([-1.32,  6.25]), 2.0213797767347876, 0.013016440216043363, 0.35563174359713456]
[array([-1.32,  6.25]), 2.0213797767347876, 0.013016440216043363, 0.35563174359713456]
[array([-1.38,  6.39]), 2.0349596600457804, 0.09536317337907195, 0.36921162690812737]
[array([-1.38,  6.39]), 2.0349596600457804, 0.09536317337907195, 0.36921162690812737]
[array([-1.47,  6.51]), 2.083409127416517, 0.3241985992563968, 0.46002973901067845]
[array([-1.55,  6.65]), 2.086109500835202, 0.4172896438563431, 0.4627301124293637]
[array([-1.55,  6.65]), 2.086109500835202, 0.4172896438563431, 0.4627301124293637]
[array([-1.63,  6.78]), 2.1103500297503013, 0.5704009156294646, 0.4869706413444628]
[array([-1.63,  6.78]), 2.1103500297503013, 0.5704009156294646, 0.4869706413444628]
[array([-1.71,  6.9 ]), 2.1309021543571602, 0.7186415086627284, 0.5075227659513217]
[array([-1.71,  6.9 ]), 2.1309021543571602, 0.7186415086627284, 0.5075227659513217]
[array([-1.79,  7.03]), 2.139552006130044, 0.8370261111787076, 0.5161726177242056]
[array([-1.87,  7.16]), 2.116698141305655, 0.8435789241591336, 0.49331875289981664]
[array([-1.87,  7.16]), 2.116698141305655, 0.8435789241591336, 0.49331875289981664]
[array([-1.96,  7.28]), 2.1351913009939367, 0.9997909711632088, 0.5324058901597251]
[array([-1.96,  7.28]), 2.1351913009939367, 0.9997909711632088, 0.5324058901597251]
[array([-2.06,  7.41]), 2.1907751507480504, 1.3070365891724074, 0.5879897399138387]
[array([-2.06,  7.41]), 2.1907751507480504, 1.3070365891724074, 0.5879897399138387]
[array([-2.06,  7.41]), 2.1907751507480504, 1.3070365891724074, 0.5879897399138387]
[array([-2.23,  7.68]), 2.1505158154252224, 1.3554342594006465, 0.5477304045910107]
[array([-2.23,  7.68]), 2.1505158154252224, 1.3554342594006465, 0.5477304045910107]
[array([-2.33,  7.8 ]), 2.206038229589666, 1.6751151797475279, 0.6032528187554542]
[array([-2.33,  7.8 ]), 2.206038229589666, 1.6751151797475279, 0.6032528187554542]
[array([-2.33,  7.8 ]), 2.206038229589666, 1.6751151797475279, 0.6032528187554542]
[array([-2.48,  8.05]), 2.1324083735016313, 1.5634237869112388, 0.5296229626674196]
[array([-2.48,  8.05]), 2.1324083735016313, 1.5634237869112388, 0.5296229626674196]
[array([-2.57,  8.19]), 2.136014223736252, 1.6815876549452733, 0.5346930300241526]
[array([-2.57,  8.19]), 2.136014223736252, 1.6815876549452733, 0.5346930300241526]
[array([-2.64,  8.32]), 2.0805391079945372, 1.5516956114336855, 0.47921791428243776]
[array([-2.71,  8.46]), 2.068030158712569, 1.5791268160247451, 0.46670896500046966]
[array([-2.71,  8.46]), 2.068030158712569, 1.5791268160247451, 0.46670896500046966]
[array([-2.78,  8.6 ]), 2.049086878610198, 1.5882512883679207, 0.4477656848980984]
[array([-2.78,  8.6 ]), 2.049086878610198, 1.5882512883679207, 0.4477656848980984]
[array([-2.86,  8.74]), 2.04739548003209, 1.6595076455121096, 0.44607428631999047]
[array([-2.86,  8.74]), 2.04739548003209, 1.6595076455121096, 0.44607428631999047]
[array([-2.9 ,  8.88]), 1.9817616753791425, 1.4744316410574154, 0.38044048166704303]
[array([-2.9 ,  8.88]), 1.9817616753791425, 1.4744316410574154, 0.38044048166704303]
[array([-2.97,  9.02]), 1.9866264316032263, 1.5549546670199756, 0.3853052378911268]
[array([-2.97,  9.02]), 1.9866264316032263, 1.5549546670199756, 0.3853052378911268]
[array([-3.04,  9.16]), 1.9970224852927307, 1.6681662608281065, 0.3957012915806313]
[array([-3.08,  9.31]), 1.9368018193148435, 1.5030394494425021, 0.33548062560274405]
[array([-3.08,  9.31]), 1.9368018193148435, 1.5030394494425021, 0.33548062560274405]
[array([-3.14,  9.45]), 1.9171747192115414, 1.4919003866257832, 0.3158535254994419]
[array([-3.14,  9.45]), 1.9171747192115414, 1.4919003866257832, 0.3158535254994419]
[array([-3.2 ,  9.59]), 1.9372027214440264, 1.6118423918121192, 0.2956029620792213]
[array([-3.2 ,  9.59]), 1.9372027214440264, 1.6118423918121192, 0.2956029620792213]
[array([-3.2 ,  9.59]), 1.9372027214440264, 1.6118423918121192, 0.2956029620792213]
[array([-3.2 ,  9.59]), 1.9372027214440264, 1.6118423918121192, 0.2956029620792213]
[array([-3.3 ,  9.88]), 1.9200117519106583, 1.6390410023931, 0.27841199254585325]
[array([-3.3 ,  9.88]), 1.9200117519106583, 1.6390410023931, 0.27841199254585325]
[array([-3.37, 10.03]), 1.937558419545583, 1.765032961864432, 0.295958660180778]
[array([-3.37, 10.03]), 1.937558419545583, 1.765032961864432, 0.295958660180778]
[array([-3.37, 10.03]), 1.937558419545583, 1.765032961864432, 0.295958660180778]
[array([-3.46, 10.33]), 1.8883518283453313, 1.6706983644695632, 0.24675206898052626]
[array([-3.46, 10.33]), 1.8883518283453313, 1.6706983644695632, 0.24675206898052626]
[array([-3.46, 10.33]), 1.8883518283453313, 1.6706983644695632, 0.24675206898052626]
[array([-3.51, 10.63]), 1.8156579923351412, 1.476726548742755, 0.17405823297033618]
[array([-3.51, 10.63]), 1.8156579923351412, 1.476726548742755, 0.17405823297033618]
[array([-3.53, 10.77]), 1.7544716356821262, 1.2995015406755699, 0.1128718763173211]
[array([-3.53, 10.77]), 1.7544716356821262, 1.2995015406755699, 0.1128718763173211]
[array([-3.56, 10.91]), 1.7407114598594025, 1.2890131651375094, 0.09911170049459739]
[array([-3.56, 10.91]), 1.7407114598594025, 1.2890131651375094, 0.09911170049459739]
[array([-3.56, 10.91]), 1.7407114598594025, 1.2890131651375094, 0.09911170049459739]
[array([-3.58, 11.2 ]), 1.6811259191963164, 1.113350400135046, 0.024602716630674593]
[array([-3.58, 11.2 ]), 1.6811259191963164, 1.113350400135046, 0.024602716630674593]
[array([-3.58, 11.2 ]), 1.6811259191963164, 1.113350400135046, 0.024602716630674593]
[array([-3.58, 11.2 ]), 1.6811259191963164, 1.113350400135046, 0.024602716630674593]
[array([-3.61, 11.5 ]), 1.6843188245299143, 1.1222266497983824, 0.027795621964272543]
[array([-3.61, 11.5 ]), 1.6843188245299143, 1.1222266497983824, 0.027795621964272543]
[array([-3.62, 11.66]), 1.6521689870435532, 1.0290187402816051, -0.004354215522088589]
[array([-3.62, 11.66]), 1.6521689870435532, 1.0290187402816051, -0.004354215522088589]
[array([-3.62, 11.66]), 1.6521689870435532, 1.0290187402816051, -0.004354215522088589]
[array([-3.62, 11.98]), 1.5885393439706705, 0.8293886790637128, -0.06798385859497125]
[array([-3.62, 11.98]), 1.5885393439706705, 0.8293886790637128, -0.06798385859497125]
[array([-3.63, 12.14]), 1.630459534609696, 0.9373771248547185, -0.026063667955945835]
[array([-3.63, 12.14]), 1.630459534609696, 0.9373771248547185, -0.026063667955945835]
[array([-3.63, 12.14]), 1.630459534609696, 0.9373771248547185, -0.026063667955945835]
[array([-3.64, 12.44]), 1.5918015388755735, 0.8186497536497295, -0.06472166369006827]
[array([-3.64, 12.44]), 1.5918015388755735, 0.8186497536497295, -0.06472166369006827]
[array([-3.64, 12.44]), 1.5918015388755735, 0.8186497536497295, -0.06472166369006827]
[array([-3.64, 12.44]), 1.5918015388755735, 0.8186497536497295, -0.06472166369006827]
[array([-3.61, 12.74]), 1.5310328395125603, 0.6001309885371328, -0.14427639253756963]
[array([-3.61, 12.74]), 1.5310328395125603, 0.6001309885371328, -0.14427639253756963]
[array([-3.6 , 12.89]), 1.5072553464480147, 0.5046480466818123, -0.1680538856021152]
[array([-3.6 , 12.89]), 1.5072553464480147, 0.5046480466818123, -0.1680538856021152]
[array([-3.6 , 13.04]), 1.5017092136839523, 0.4792536179609241, -0.17360001836617767]
[array([-3.6 , 13.04]), 1.5017092136839523, 0.4792536179609241, -0.17360001836617767]
[array([-3.6 , 13.04]), 1.5017092136839523, 0.4792536179609241, -0.17360001836617767]
[array([-3.55, 13.35]), 1.4408391106913983, 0.22133408809134852, -0.2344701213587317]
[array([-3.55, 13.35]), 1.4408391106913983, 0.22133408809134852, -0.2344701213587317]
[array([-3.55, 13.35]), 1.4408391106913983, 0.22133408809134852, -0.2344701213587317]
[array([-3.55, 13.35]), 1.4408391106913983, 0.22133408809134852, -0.2344701213587317]
[array([-3.5 , 13.67]), 1.4332621128097156, 0.11965165424593957, -0.24204711924041433]
[array([-3.49, 13.84]), 1.4809649283264485, 0.22140328390045746, -0.1943443037236814]
[array([-3.49, 13.84]), 1.4809649283264485, 0.22140328390045746, -0.1943443037236814]
[array([-3.46, 14.  ]), 1.416342541975032, -0.008276386781651787, -0.258966690075098]
[array([-3.46, 14.  ]), 1.416342541975032, -0.008276386781651787, -0.258966690075098]
[array([-3.42, 14.15]), 1.3888399926879555, -0.13554816377930914, -0.25664706292874007]
[array([-3.42, 14.15]), 1.3888399926879555, -0.13554816377930914, -0.25664706292874007]
[array([-3.39, 14.3 ]), 1.372164942481477, -0.2230875964703178, -0.2733221131352186]
[array([-3.39, 14.3 ]), 1.372164942481477, -0.2230875964703178, -0.2733221131352186]
[array([-3.39, 14.3 ]), 1.372164942481477, -0.2230875964703178, -0.2733221131352186]
[array([-3.39, 14.3 ]), 1.372164942481477, -0.2230875964703178, -0.2733221131352186]
[array([-3.3, 14.6]), 1.3044561158808332, -0.5396514330831687, -0.3410309397358624]
[array([-3.3, 14.6]), 1.3044561158808332, -0.5396514330831687, -0.3410309397358624]
[array([-3.3, 14.6]), 1.3044561158808332, -0.5396514330831687, -0.3410309397358624]
[array([-3.19, 14.9 ]), 1.257766987593658, -0.8264341890926215, -0.3877200680230377]
[array([-3.19, 14.9 ]), 1.257766987593658, -0.8264341890926215, -0.3877200680230377]
[array([-3.14, 15.03]), 1.2146671289132087, -1.0226307651909274, -0.4308199267034869]
[array([-3.07, 15.16]), 1.1884683405773724, -1.1953934271331215, -0.45701871503932323]
[array([-3.07, 15.16]), 1.1884683405773724, -1.1953934271331215, -0.45701871503932323]
[array([-3.07, 15.16]), 1.1884683405773724, -1.1953934271331215, -0.45701871503932323]
[array([-3.07, 15.16]), 1.1884683405773724, -1.1953934271331215, -0.45701871503932323]
[array([-2.96, 15.43]), 1.1733391284893853, -1.3935657536890484, -0.4817639308317181]
[array([-2.96, 15.43]), 1.1733391284893853, -1.3935657536890484, -0.4817639308317181]
[array([-2.89, 15.56]), 1.1376731506919555, -1.6153628153780573, -0.5174299086291478]
[array([-2.89, 15.56]), 1.1376731506919555, -1.6153628153780573, -0.5174299086291478]
[array([-2.83, 15.69]), 1.1277287882128673, -1.740912824741886, -0.5273742711082361]
[array([-2.83, 15.69]), 1.1277287882128673, -1.740912824741886, -0.5273742711082361]
[array([-2.83, 15.69]), 1.1277287882128673, -1.740912824741886, -0.5273742711082361]
[array([-2.83, 15.69]), 1.1277287882128673, -1.740912824741886, -0.5273742711082361]
[array([-2.71, 15.98]), 1.1810472005978931, -1.7044620547431233, -0.4740558587232102]
[array([-2.71, 15.98]), 1.1810472005978931, -1.7044620547431233, -0.4740558587232102]
[array([-2.71, 15.98]), 1.1810472005978931, -1.7044620547431233, -0.4740558587232102]
[array([-2.61, 16.26]), 1.199969187683389, -1.767006792971337, -0.45513387163771446]
[array([-2.61, 16.26]), 1.199969187683389, -1.767006792971337, -0.45513387163771446]
[array([-2.57, 16.4 ]), 1.249201086157795, -1.6534394827541017, -0.40590197316330845]
[array([-2.51, 16.53]), 1.2199327872664765, -1.8273152051127028, -0.3940022276244439]
[array([-2.51, 16.53]), 1.2199327872664765, -1.8273152051127028, -0.3940022276244439]
[array([-2.47, 16.69]), 1.2238000878230446, -1.8669654306996724, -0.3901349270678758]
[array([-2.47, 16.69]), 1.2238000878230446, -1.8669654306996724, -0.3901349270678758]
[array([-2.45, 16.84]), 1.289076623578109, -1.6702343600896914, -0.32485839131281136]
[array([-2.45, 16.84]), 1.289076623578109, -1.6702343600896914, -0.32485839131281136]
[array([-2.39, 16.98]), 1.2518136695151056, -1.8675359406110974, -0.36212134537581475]
[array([-2.39, 16.98]), 1.2518136695151056, -1.8675359406110974, -0.36212134537581475]
[array([-2.35, 17.12]), 1.2560089174381242, -1.903375540332623, -0.35792609745279624]
[array([-2.34, 17.27]), 1.3528689313372777, -1.5988856610562183, -0.2610660835536427]
[array([-2.34, 17.27]), 1.3528689313372777, -1.5988856610562183, -0.2610660835536427]
[array([-2.28, 17.41]), 1.271282991854027, -1.937174393865785, -0.34265202303689346]
[array([-2.28, 17.41]), 1.271282991854027, -1.937174393865785, -0.34265202303689346]
[array([-2.26, 17.55]), 1.3231108930578488, -1.7853119490679557, -0.2908241218330716]
[array([-2.26, 17.55]), 1.3231108930578488, -1.7853119490679557, -0.2908241218330716]
[array([-2.24, 17.69]), 1.3669121995646745, -1.6772038376940759, -0.24702281532624593]
[array([-2.24, 17.69]), 1.3669121995646745, -1.6772038376940759, -0.24702281532624593]
[array([-2.24, 17.69]), 1.3669121995646745, -1.6772038376940759, -0.24702281532624593]
[array([-2.24, 17.69]), 1.3669121995646745, -1.6772038376940759, -0.24702281532624593]
[array([-2.19, 17.98]), 1.3836586337375598, -1.6856882976814014, -0.23027638115336058]
[array([-2.18, 18.12]), 1.4354919454620632, -1.5387709825773324, -0.19950175770596634]
[array([-2.18, 18.12]), 1.4354919454620632, -1.5387709825773324, -0.19950175770596634]
[array([-2.18, 18.12]), 1.4354919454620632, -1.5387709825773324, -0.19950175770596634]
[array([-2.18, 18.12]), 1.4354919454620632, -1.5387709825773324, -0.19950175770596634]
[array([-2.14, 18.41]), 1.4136465318794764, -1.6661696944679576, -0.22134717128855308]
[array([-2.14, 18.55]), 1.4864223983645102, -1.449248774588752, -0.14857130480351932]
[array([-2.14, 18.55]), 1.4864223983645102, -1.449248774588752, -0.14857130480351932]
[array([-2.1, 18.7]), 1.4352196740987517, -1.6611280643110107, -0.19977402906927777]
[array([-2.1, 18.7]), 1.4352196740987517, -1.6611280643110107, -0.19977402906927777]
[array([-2.09, 18.85]), 1.4368765151576706, -1.6763390816470751, -0.19811718801035894]
[array([-2.09, 18.85]), 1.4368765151576706, -1.6763390816470751, -0.19811718801035894]
[array([-2.09, 18.85]), 1.4368765151576706, -1.6763390816470751, -0.19811718801035894]
[array([-2.04, 19.14]), 1.4140460377452582, -1.816336997841077, -0.22094766542277133]
[array([-2.04, 19.14]), 1.4140460377452582, -1.816336997841077, -0.22094766542277133]
[array([-2.03, 19.29]), 1.423781658845807, -1.8060414031435845, -0.21121204432222251]
[array([-2.03, 19.29]), 1.423781658845807, -1.8060414031435845, -0.21121204432222251]
[array([-2.03, 19.29]), 1.423781658845807, -1.8060414031435845, -0.21121204432222251]
[array([-2.03, 19.29]), 1.423781658845807, -1.8060414031435845, -0.21121204432222251]
[array([-2.01, 19.59]), 1.4634226240146542, -1.7379087463339689, -0.36469741775133113]
[array([-2.01, 19.75]), 1.5182111272286336, -1.598320067122847, -0.3099089145373517]
[array([-2.01, 19.75]), 1.5182111272286336, -1.598320067122847, -0.3099089145373517]
[array([-2.01, 19.75]), 1.5182111272286336, -1.598320067122847, -0.3099089145373517]
[array([-2.01, 19.75]), 1.5182111272286336, -1.598320067122847, -0.3099089145373517]
[array([-2.02, 20.06]), 1.5826966797666941, -1.4570523805370503, -0.24542336199929116]
[array([-2.01, 20.21]), 1.5524443642431014, -1.6013054778331626, -0.2756756775228839]
[array([-2.01, 20.21]), 1.5524443642431014, -1.6013054778331626, -0.2756756775228839]
[array([-2.01, 20.21]), 1.5524443642431014, -1.6013054778331626, -0.2756756775228839]
[array([-2.04, 20.5 ]), 1.633364111550865, -1.3987334056431504, -0.19475593021512028]
[array([-2.04, 20.5 ]), 1.633364111550865, -1.3987334056431504, -0.19475593021512028]
[array([-2.04, 20.65]), 1.6058971669805298, -1.5235550815360372, -0.22222287478545555]
[array([-2.04, 20.65]), 1.6058971669805298, -1.5235550815360372, -0.22222287478545555]
[array([-2.07, 20.79]), 1.6941474716795957, -1.2580254686341883, -0.13397257008638963]
[array([-2.07, 20.79]), 1.6941474716795957, -1.2580254686341883, -0.13397257008638963]
[array([-2.07, 20.79]), 1.6941474716795957, -1.2580254686341883, -0.13397257008638963]
[array([-2.09, 21.08]), 1.6661194037547433, -1.4320079403798616, -0.4371810213420033]
[array([-2.09, 21.08]), 1.6661194037547433, -1.4320079403798616, -0.4371810213420033]
[array([-2.09, 21.08]), 1.6661194037547433, -1.4320079403798616, -0.4371810213420033]
[array([-2.13, 21.38]), 1.6704767927652724, -1.5512312485858437, -0.43282363233147425]
[array([-2.13, 21.38]), 1.6704767927652724, -1.5512312485858437, -0.43282363233147425]
[array([-2.15, 21.53]), 1.6947396618947974, -1.52801223746599, -0.40856076320194923]
[array([-2.15, 21.53]), 1.6947396618947974, -1.52801223746599, -0.40856076320194923]
[array([-2.18, 21.68]), 1.741644687410444, -1.4177292385471671, -0.36165573768630255]
[array([-2.18, 21.68]), 1.741644687410444, -1.4177292385471671, -0.36165573768630255]
[array([-2.18, 21.68]), 1.741644687410444, -1.4177292385471671, -0.36165573768630255]
[array([-2.25, 21.97]), 1.761324670990082, -1.4488521172793298, -0.3419757541066646]
[array([-2.25, 21.97]), 1.761324670990082, -1.4488521172793298, -0.3419757541066646]
[array([-2.28, 22.12]), 1.8047468919833742, -1.3622792739300285, -0.2985535331133724]
[array([-2.28, 22.12]), 1.8047468919833742, -1.3622792739300285, -0.2985535331133724]
[array([-2.28, 22.12]), 1.8047468919833742, -1.3622792739300285, -0.2985535331133724]
[array([-2.37, 22.4 ]), 1.8385903969758703, -1.3218288572797028, -0.2647100281208763]
[array([-2.37, 22.4 ]), 1.8385903969758703, -1.3218288572797028, -0.2647100281208763]
[array([-2.42, 22.55]), 1.851984751787376, -1.32164403036679, -0.2891948566574627]
[array([-2.42, 22.55]), 1.851984751787376, -1.32164403036679, -0.2891948566574627]
[array([-2.47, 22.7 ]), 1.8466728422089314, -1.3748506784403305, -0.2945067662359073]
[array([-2.47, 22.7 ]), 1.8466728422089314, -1.3748506784403305, -0.2945067662359073]
[array([-2.5 , 22.85]), 1.8352925973542276, -1.4739606218036694, -0.3058870110906111]
[array([-2.5 , 22.85]), 1.8352925973542276, -1.4739606218036694, -0.3058870110906111]
[array([-2.5 , 22.85]), 1.8352925973542276, -1.4739606218036694, -0.3058870110906111]
[array([-2.6 , 23.16]), 1.8538730235051084, -1.5031952588550215, -0.28730658493973027]
[array([-2.6 , 23.16]), 1.8538730235051084, -1.5031952588550215, -0.28730658493973027]
[array([-2.66, 23.31]), 1.8749770212214483, -1.4657103297794847, -0.2662025872233904]
[array([-2.66, 23.31]), 1.8749770212214483, -1.4657103297794847, -0.2662025872233904]
[array([-2.66, 23.31]), 1.8749770212214483, -1.4657103297794847, -0.2662025872233904]
[array([-2.78, 23.61]), 1.9479483645827056, -1.296214310595478, -0.19323124386213308]
[array([-2.78, 23.61]), 1.9479483645827056, -1.296214310595478, -0.19323124386213308]
[array([-2.83, 23.74]), 1.9254950528216488, -1.3924070808490867, -0.15088232884745278]
[array([-2.83, 23.74]), 1.9254950528216488, -1.3924070808490867, -0.15088232884745278]
[array([-2.83, 23.74]), 1.9254950528216488, -1.3924070808490867, -0.15088232884745278]
[array([-2.83, 23.74]), 1.9254950528216488, -1.3924070808490867, -0.15088232884745278]
[array([-2.95, 24.02]), 1.971290921597653, -1.2872324221308713, -0.1050864600714485]
[array([-3.02, 24.16]), 1.99765621434413, -1.216766515863226, -0.07872116732497147]
[array([-3.02, 24.16]), 1.99765621434413, -1.216766515863226, -0.07872116732497147]
[array([-3.02, 24.16]), 1.99765621434413, -1.216766515863226, -0.07872116732497147]
[array([-3.16, 24.43]), 2.0213197374085197, -1.154619911808448, -0.055057644260581906]
[array([-3.16, 24.43]), 2.0213197374085197, -1.154619911808448, -0.055057644260581906]
[array([-3.16, 24.43]), 2.0213197374085197, -1.154619911808448, -0.055057644260581906]
[array([-3.23, 24.57]), 2.0453522230767804, -1.1011868740174091, -0.031025158592321134]
[array([-3.23, 24.57]), 2.0453522230767804, -1.1011868740174091, -0.031025158592321134]
[array([-3.23, 24.57]), 2.0453522230767804, -1.1011868740174091, -0.031025158592321134]
[array([-3.4 , 24.84]), 2.091061872587736, -0.9531961730354137, 0.014684490918634552]
[array([-3.4 , 24.84]), 2.091061872587736, -0.9531961730354137, 0.014684490918634552]
[array([-3.48, 24.97]), 2.0861461527494947, -0.9532287373146804, 0.05512686109968534]
[array([-3.56, 25.1 ]), 2.106711716391594, -0.8837492924931686, 0.0756924247417845]
[array([-3.56, 25.1 ]), 2.106711716391594, -0.8837492924931686, 0.0756924247417845]
[array([-3.64, 25.23]), 2.1167681290086597, -0.8472025638913903, 0.08574883735885042]
[array([-3.64, 25.23]), 2.1167681290086597, -0.8472025638913903, 0.08574883735885042]
[array([-3.72, 25.36]), 2.1055796958387507, -0.8645933063945772, 0.07456040418894139]
[array([-3.72, 25.36]), 2.1055796958387507, -0.8645933063945772, 0.07456040418894139]
[array([-3.81, 25.48]), 2.150031312024869, -0.7177515022968385, 0.11901202037505954]
[array([-3.9 , 25.61]), 2.1712883751166085, -0.6338622110352827, 0.14026908346679923]
[array([-3.9 , 25.61]), 2.1712883751166085, -0.6338622110352827, 0.14026908346679923]
[array([-3.99, 25.75]), 2.1594398584235948, -0.6472281686915687, 0.12842056677378544]
[array([-3.99, 25.75]), 2.1594398584235948, -0.6472281686915687, 0.12842056677378544]
[array([-4.09, 25.87]), 2.1874235949854457, -0.5390353802693755, 0.15640430333563637]
[array([-4.09, 25.87]), 2.1874235949854457, -0.5390353802693755, 0.15640430333563637]
[array([-4.18, 25.99]), 2.2087920100834624, -0.45530500753700714, 0.17777271843365305]
[array([-4.27, 26.12]), 2.1744030896997177, -0.5113595045411017, 0.34805766896344004]
[array([-4.27, 26.12]), 2.1744030896997177, -0.5113595045411017, 0.34805766896344004]
[array([-4.35, 26.24]), 2.203419013981198, -0.392263522514635, 0.3770735932449205]
[array([-4.35, 26.24]), 2.203419013981198, -0.392263522514635, 0.3770735932449205]
[array([-4.46, 26.35]), 2.247075458160108, -0.18319495579527534, 0.4207300374238301]
[array([-4.46, 26.35]), 2.247075458160108, -0.18319495579527534, 0.4207300374238301]
[array([-4.55, 26.47]), 2.2349527502416056, -0.1606184463257002, 0.40860732950532785]
[array([-4.55, 26.47]), 2.2349527502416056, -0.1606184463257002, 0.40860732950532785]
[array([-4.65, 26.59]), 2.2575315511758807, -0.020015890307076338, 0.43118613043960297]
[array([-4.76, 26.7 ]), 2.2940742078565868, 0.1741777414144086, 0.4677287871203091]
[array([-4.76, 26.7 ]), 2.2940742078565868, 0.1741777414144086, 0.4677287871203091]
[array([-4.87, 26.81]), 2.304156451346582, 0.28696316402940425, 0.4778110306103045]
[array([-4.87, 26.81]), 2.304156451346582, 0.28696316402940425, 0.4778110306103045]
[array([-4.97, 26.92]), 2.3190158355322117, 0.4272040489959963, 0.7325957801168379]
[array([-4.97, 26.92]), 2.3190158355322117, 0.4272040489959963, 0.7325957801168379]
[array([-5.09, 27.02]), 2.3620078328648875, 0.7303395675942541, 0.7755877774495137]
[array([-5.09, 27.02]), 2.3620078328648875, 0.7303395675942541, 0.7755877774495137]
[array([-5.09, 27.02]), 2.3620078328648875, 0.7303395675942541, 0.7755877774495137]
[array([-5.34, 27.23]), 2.4036719837026452, 1.2434785080091864, 0.8172519282872714]
[array([-5.34, 27.23]), 2.4036719837026452, 1.2434785080091864, 0.8172519282872714]
[array([-5.45, 27.34]), 2.410243497402255, 1.4252658205903235, 0.8238234419868811]
[array([-5.45, 27.34]), 2.410243497402255, 1.4252658205903235, 0.8238234419868811]
[array([-5.58, 27.44]), 2.4210666331597217, 1.6829386660815724, 0.9955803170005277]
[array([-5.71, 27.55]), 2.4148975923856226, 1.9132266200981118, 0.9894112762264287]
[array([-5.71, 27.55]), 2.4148975923856226, 1.9132266200981118, 0.9894112762264287]
[array([-5.81, 27.66]), 2.384555392405552, 1.9462253785352732, 0.9590690762463578]
[array([-5.81, 27.66]), 2.384555392405552, 1.9462253785352732, 0.9590690762463578]
[array([-5.93, 27.77]), 2.388955018383979, 2.206454134664222, 0.963468702224785]
[array([-5.93, 27.77]), 2.388955018383979, 2.206454134664222, 0.963468702224785]
[array([-6.04, 27.88]), 2.3376536830154837, 2.1197139004083034, 0.9121673668562897]
[array([-6.14, 27.99]), 2.3437098009869786, 2.3484240892121164, 0.9182234848277846]
[array([-6.14, 27.99]), 2.3437098009869786, 2.3484240892121164, 0.9182234848277846]
[array([-6.24, 28.1 ]), 2.3180049408294567, 2.384610451264302, 0.9640822297009677]
[array([-6.35, 28.22]), 2.2934608991574357, 2.467857343892571, 0.9395381880289466]
[array([-6.35, 28.22]), 2.2934608991574357, 2.467857343892571, 0.9395381880289466]
[array([-6.45, 28.34]), 2.297447929300692, 2.6981734288698243, 0.9435252181722029]
[array([-6.45, 28.34]), 2.297447929300692, 2.6981734288698243, 0.9435252181722029]
[array([-6.55, 28.45]), 2.274466829973832, 2.7521224884733795, 0.9205441188453432]
[array([-6.55, 28.45]), 2.274466829973832, 2.7521224884733795, 0.9205441188453432]
[array([-6.64, 28.57]), 2.2388457071381787, 2.7191602024630126, 0.8849229960096896]
[array([-6.64, 28.57]), 2.2388457071381787, 2.7191602024630126, 0.8849229960096896]
[array([-6.72, 28.7 ]), 2.220066837051346, 2.7740744083004216, 0.866144125922857]
[array([-6.81, 28.82]), 2.2231333805471, 2.9666784947811267, 0.8692106694186108]
[array([-6.9 , 28.95]), 2.1969988203277366, 3.0064637644457255, 1.039112435588187]
[array([-6.9 , 28.95]), 2.1969988203277366, 3.0064637644457255, 1.039112435588187]
[array([-6.99, 29.06]), 2.171039491165274, 3.054607913060584, 1.0131531064257244]
[array([-6.99, 29.06]), 2.171039491165274, 3.054607913060584, 1.0131531064257244]
[array([-7.07, 29.19]), 2.169731017825054, 3.275547943744466, 1.0118446330855042]
[array([-7.07, 29.19]), 2.169731017825054, 3.275547943744466, 1.0118446330855042]
[array([-7.15, 29.32]), 2.128980546850715, 3.1883806320226213, 0.9710941621111651]
[array([-7.23, 29.45]), 2.1397411998209606, 3.50046694161276, 0.9818548150814108]
[array([-7.23, 29.45]), 2.1397411998209606, 3.50046694161276, 0.9818548150814108]
[array([-7.31, 29.58]), 2.0905307688963544, 3.3406506282236292, 0.9326443841568046]
[array([-7.31, 29.58]), 2.0905307688963544, 3.3406506282236292, 0.9326443841568046]
[array([-7.37, 29.71]), 2.0687343990657485, 3.357625923429883, 0.9108480143261988]
[array([-7.37, 29.71]), 2.0687343990657485, 3.357625923429883, 0.9108480143261988]
[array([-7.46, 29.84]), 2.086211428063519, 3.75783397408287, 1.0635386093667052]
[array([-7.51, 29.99]), 1.9960826254905315, 3.245457494291216, 0.8381962407509818]
[array([-7.51, 29.99]), 1.9960826254905315, 3.245457494291216, 0.8381962407509818]
[array([-7.59, 30.11]), 2.0585444687609047, 3.999162309245194, 1.035871650064091]
[array([-7.59, 30.11]), 2.0585444687609047, 3.999162309245194, 1.035871650064091]
[array([-7.64, 30.26]), 2.008028357022882, 3.7738250024630062, 0.9853555383260681]
[array([-7.69, 30.4 ]), 1.9404022590287826, 3.447951319807209, 0.9177294403319689]
[array([-7.69, 30.4 ]), 1.9404022590287826, 3.447951319807209, 0.9177294403319689]
[array([-7.77, 30.53]), 1.9981534586480227, 4.14585396894432, 0.975480639951209]
[array([-7.77, 30.53]), 1.9981534586480227, 4.14585396894432, 0.975480639951209]
[array([-7.82, 30.68]), 1.9550103158021248, 3.982357677519527, 0.9323374971053111]
[array([-7.85, 30.82]), 1.902789890049529, 3.74121258439325, 0.8801170713527153]
[array([-7.85, 30.82]), 1.902789890049529, 3.74121258439325, 0.8801170713527153]
[array([-7.92, 30.96]), 1.9531672481120188, 4.426595437765176, 1.041374664035425]
[array([-7.97, 31.11]), 1.885639412154807, 4.028615396620076, 0.9738468280782131]
[array([-7.97, 31.11]), 1.885639412154807, 4.028615396620076, 0.9738468280782131]
[array([-8.  , 31.25]), 1.8416874837335346, 3.8544521067572157, 0.9298948996569407]
[array([-8.  , 31.25]), 1.8416874837335346, 3.8544521067572157, 0.9298948996569407]
[array([-8.03, 31.41]), 1.808965527318369, 3.803511693011459, 0.897172943241775]
[array([-8.09, 31.55]), 1.8613035882625493, 4.453169370992957, 0.9495110041859554]
[array([-8.09, 31.55]), 1.8613035882625493, 4.453169370992957, 0.9495110041859554]
[array([-8.12, 31.73]), 1.8038175041566864, 4.184767649157696, 0.8920249200800925]
[array([-8.12, 31.73]), 1.8038175041566864, 4.184767649157696, 0.8920249200800925]
[array([-8.14, 31.88]), 1.759879887435281, 4.024844412110081, 0.8480873033586871]
[array([-8.14, 31.88]), 1.759879887435281, 4.024844412110081, 0.8480873033586871]
[array([-8.19, 32.04]), 1.813266542194059, 4.664273889093468, 0.9014739581174651]
[array([-8.19, 32.04]), 1.813266542194059, 4.664273889093468, 0.9014739581174651]
[array([-8.19, 32.04]), 1.813266542194059, 4.664273889093468, 0.9014739581174651]
[array([-8.23, 32.36]), 1.7253426140651165, 4.309259519532597, 0.8135500299885225]
[array([-8.26, 32.52]), 1.768677568595809, 4.851303077527054, 0.8926195179976139]
[array([-8.26, 32.52]), 1.768677568595809, 4.851303077527054, 0.8926195179976139]
[array([-8.29, 32.67]), 1.7279717780503199, 4.692949346299862, 0.8519137274521248]
[array([-8.29, 32.67]), 1.7279717780503199, 4.692949346299862, 0.8519137274521248]
[array([-8.29, 32.82]), 1.6655352420541014, 4.3525679332802305, 0.7894771914559063]
[array([-8.29, 32.82]), 1.6655352420541014, 4.3525679332802305, 0.7894771914559063]
[array([-8.3 , 32.98]), 1.6519272589421523, 4.4099452591596, 0.7758692083439572]
[array([-8.31, 33.13]), 1.6439689066189083, 4.505153349932338, 0.7679108560207132]
[array([-8.31, 33.13]), 1.6439689066189083, 4.505153349932338, 0.7679108560207132]
[array([-8.31, 33.28]), 1.6036490083710362, 4.353614134934578, 0.7275909577728411]
[array([-8.31, 33.28]), 1.6036490083710362, 4.353614134934578, 0.7275909577728411]
[array([-8.29, 33.43]), 1.52682380348845, 3.9817457287787725, 0.650765752890255]
[array([-8.29, 33.43]), 1.52682380348845, 3.9817457287787725, 0.650765752890255]
[array([-8.3 , 33.58]), 1.5591090785247663, 4.307798171028529, 0.6830510279265712]
[array([-8.29, 33.73]), 1.541854753539551, 4.3114790261974685, 0.665796702941356]
[array([-8.29, 33.73]), 1.541854753539551, 4.3114790261974685, 0.665796702941356]
[array([-8.26, 33.88]), 1.492236439168754, 4.11440253407229, 0.6161783885705588]
[array([-8.26, 34.04]), 1.5401781902600848, 4.527020049669517, 0.6641201396618898]
[array([-8.26, 34.04]), 1.5401781902600848, 4.527020049669517, 0.6641201396618898]
[array([-8.24, 34.19]), 1.4790146974202703, 4.2629265650594945, 0.6029566468220752]
[array([-8.24, 34.19]), 1.4790146974202703, 4.2629265650594945, 0.6029566468220752]
[array([-8.22, 34.34]), 1.447096116059798, 4.179310177197687, 0.5710380654616029]
[array([-8.22, 34.34]), 1.447096116059798, 4.179310177197687, 0.5710380654616029]
[array([-8.21, 34.5 ]), 1.4677007750771425, 4.407475212832536, 0.5916427244789474]
[array([-8.16, 34.65]), 1.3861715587945813, 4.038543947934943, 0.5101135081963862]
[array([-8.16, 34.65]), 1.3861715587945813, 4.038543947934943, 0.5101135081963862]
[array([-8.14, 34.81]), 1.4104192435596135, 4.261366596760474, 0.5343611929614184]
[array([-8.14, 34.81]), 1.4104192435596135, 4.261366596760474, 0.5343611929614184]
[array([-8.11, 34.96]), 1.3871882130838686, 4.223818828271498, 0.5111301624856736]
[array([-8.09, 35.11]), 1.384169840675469, 4.2780839731048905, 0.37281245958938003]
[array([-8.09, 35.11]), 1.384169840675469, 4.2780839731048905, 0.37281245958938003]
[array([-8.03, 35.25]), 1.3210486120136926, 4.037115123106298, 0.30969123092760364]
[array([-8. , 35.4]), 1.3282854452241621, 4.122706283781029, 0.3169280641380732]
[array([-8. , 35.4]), 1.3282854452241621, 4.122706283781029, 0.3169280641380732]
[array([-7.95, 35.54]), 1.3039024974421005, 4.060749884169558, 0.29254511635601155]
[array([-7.95, 35.54]), 1.3039024974421005, 4.060749884169558, 0.29254511635601155]
[array([-7.9 , 35.69]), 1.2793869046368878, 4.000973417845682, 0.2680295235507988]
[array([-7.9 , 35.69]), 1.2793869046368878, 4.000973417845682, 0.2680295235507988]
[array([-7.87, 35.83]), 1.277359355644846, 4.039410271982753, 0.26600197455875696]
[array([-7.87, 35.83]), 1.277359355644846, 4.039410271982753, 0.26600197455875696]
[array([-7.81, 35.98]), 1.2475498301524832, 3.95185627968885, 0.23619244906639425]
[array([-7.74, 36.12]), 1.2136939333222974, 3.8506180574173254, 0.2023365522362084]
[array([-7.74, 36.12]), 1.2136939333222974, 3.8506180574173254, 0.2023365522362084]
[array([-7.69, 36.26]), 1.1875427924750401, 3.786141434859578, 0.17618541138895116]
[array([-7.69, 36.26]), 1.1875427924750401, 3.786141434859578, 0.17618541138895116]
[array([-7.63, 36.41]), 1.1815145997715768, 3.79921918899679, 0.17015721868548783]
[array([-7.57, 36.55]), 1.1570408948684112, 3.7387711162547963, 0.14568351378232225]
[array([-7.49, 36.68]), 1.106860060879697, 3.5724345515529725, 0.09550267979360805]
[array([-7.49, 36.68]), 1.106860060879697, 3.5724345515529725, 0.09550267979360805]
[array([-7.42, 36.82]), 1.1172798510470277, 3.6284282137629744, 0.10592246996093868]
[array([-7.42, 36.82]), 1.1172798510470277, 3.6284282137629744, 0.10592246996093868]
[array([-7.36, 36.96]), 1.1134416974889674, 3.635532132085168, 0.1020843164028784]
[array([-7.36, 36.96]), 1.1134416974889674, 3.635532132085168, 0.1020843164028784]
[array([-7.27, 37.09]), 1.0465315335540366, 3.4290201010308916, 0.03517415246794764]
[array([-7.27, 37.09]), 1.0465315335540366, 3.4290201010308916, 0.03517415246794764]
[array([-7.2 , 37.22]), 1.0754912582336027, 3.522840335519842, 0.06413387714751373]
[array([-7.11, 37.36]), 1.0392582229622, 3.4102286786752614, -0.10830964588206204]
[array([-7.11, 37.36]), 1.0392582229622, 3.4102286786752614, -0.10830964588206204]
[array([-7.01, 37.48]), 0.9847477506980628, 3.2448845997441884, -0.16282011814619934]
[array([-7.01, 37.48]), 0.9847477506980628, 3.2448845997441884, -0.16282011814619934]
[array([-6.94, 37.62]), 1.0053909814918762, 3.2809253491968415, -0.14217688735238587]
[array([-6.84, 37.75]), 0.9558852408578323, 3.132626531319146, -0.19168262798642977]
[array([-6.84, 37.75]), 0.9558852408578323, 3.132626531319146, -0.19168262798642977]
[array([-6.75, 37.87]), 0.952368053349214, 3.092601682181188, -0.19519981549504806]
[array([-6.66, 37.99]), 0.9327533450836004, 3.0152401233459027, -0.21481452376066168]
[array([-6.66, 37.99]), 0.9327533450836004, 3.0152401233459027, -0.21481452376066168]
[array([-6.56, 38.11]), 0.9207037664607571, 2.9477304872904972, -0.22686410238350496]
[array([-6.56, 38.11]), 0.9207037664607571, 2.9477304872904972, -0.22686410238350496]
[array([-6.45, 38.22]), 0.8534558813155649, 2.748231226803921, -0.29411198752869716]
[array([-6.45, 38.22]), 0.8534558813155649, 2.748231226803921, -0.29411198752869716]
[array([-6.36, 38.34]), 0.908823833841207, 2.831197013126289, -0.23874403500305508]
[array([-6.25, 38.44]), 0.8409083602571279, 2.633485991042945, -0.3066595085871342]
[array([-6.25, 38.44]), 0.8409083602571279, 2.633485991042945, -0.3066595085871342]
[array([-6.14, 38.55]), 0.8236367565123168, 2.5404233746191953, -0.32393111233194527]
[array([-6.04, 38.66]), 0.802814804003099, 2.4530652885873794, -0.3447530648411631]
[array([-6.04, 38.66]), 0.802814804003099, 2.4530652885873794, -0.3447530648411631]
[array([-5.92, 38.76]), 0.76871944799954, 2.315652428848871, -0.37884842084472214]
[array([-5.92, 38.76]), 0.76871944799954, 2.315652428848871, -0.37884842084472214]
[array([-5.81, 38.87]), 0.7710569674667352, 2.2231683054365687, -0.6881360646427722]
[array([-5.68, 38.97]), 0.7076266409944312, 2.0103359861488546, -0.7515663911150763]
[array([-5.68, 38.97]), 0.7076266409944312, 2.0103359861488546, -0.7515663911150763]
[array([-5.57, 39.08]), 0.7544510322986359, 1.923208566067051, -0.7047419998108716]
[array([-5.45, 39.17]), 0.700876580112343, 1.7161358048179958, -0.7583164519971645]
[array([-5.45, 39.17]), 0.700876580112343, 1.7161358048179958, -0.7583164519971645]
[array([-5.33, 39.27]), 0.655753361230057, 1.5061476282217199, -0.8034396708794505]
[array([-5.33, 39.27]), 0.655753361230057, 1.5061476282217199, -0.8034396708794505]
[array([-5.21, 39.37]), 0.6938493609450385, 1.4136196396459855, -0.765343671164469]
[array([-5.07, 39.46]), 0.6679752038500727, 1.1884312177616243, -0.7912178282594348]
[array([-5.07, 39.46]), 0.6679752038500727, 1.1884312177616243, -0.7912178282594348]
[array([-4.94, 39.55]), 0.616073824284742, 0.916049350384129, -0.8862024869514596]
[array([-4.82, 39.64]), 0.6083982153003206, 0.7308376702637195, -0.8938780959358811]
[array([-4.82, 39.64]), 0.6083982153003206, 0.7308376702637195, -0.8938780959358811]
[array([-4.69, 39.72]), 0.5842350044710858, 0.47211619055450643, -0.9180413067651159]
[array([-4.69, 39.72]), 0.5842350044710858, 0.47211619055450643, -0.9180413067651159]
[array([-4.55, 39.79]), 0.5402602122366115, 0.14194226213299901, -0.9620160989995902]
[array([-4.42, 39.86]), 0.5166071611477344, -0.17080796568531414, -1.1077094341064777]
[array([-4.42, 39.86]), 0.5166071611477344, -0.17080796568531414, -1.1077094341064777]
[array([-4.28, 39.93]), 0.5083548953784546, -0.5200513609902884, -1.1159616998757573]
[array([-4.28, 39.93]), 0.5083548953784546, -0.5200513609902884, -1.1159616998757573]
[array([-4.01, 40.03]), 0.4059632349480304, -7.077067506262939, -1.4946697233730817]
[array([-4.01, 40.03]), 0.4059632349480304, -7.077067506262939, -1.4946697233730817]
[array([-3.88, 40.1 ]), 0.46397623395506954, -2.9909458420444075, -1.509611041879476]
[array([-3.88, 40.1 ]), 0.46397623395506954, -2.9909458420444075, -1.509611041879476]
[array([-3.74, 40.13]), 0.3749974288262211, -9.491489781695622, -1.2846730727817834]
[array([-3.61, 40.19]), 0.3779419738072613, -9.862001512651698, -1.281728527800743]
[array([-3.61, 40.19]), 0.3779419738072613, -9.862001512651698, -1.281728527800743]
[array([-3.48, 40.25]), 0.4070380087014084, -9.344395081897344, -1.2526324929065962]
[array([-3.35, 40.31]), 0.38134327145354807, -10.680726934560766, -1.2783272301544564]
[array([-3.35, 40.31]), 0.38134327145354807, -10.680726934560766, -1.2783272301544564]
[array([-3.21, 40.36]), 0.39382289920408237, -10.702696325496001, -1.265847602403922]
[array([-3.08, 40.42]), 0.4008740293821404, -10.888679575166138, -1.258796472225864]
[array([-3.08, 40.42]), 0.4008740293821404, -10.888679575166138, -1.258796472225864]
[array([-2.81, 40.57]), 0.46977177426924216, -9.566928628353487, -1.1898987273387622]
[array([-2.81, 40.57]), 0.46977177426924216, -9.566928628353487, -1.1898987273387622]
[array([-2.68, 40.64]), 0.48745859184310203, -9.471093370625777, -1.1722119097649024]
[array([-2.55, 40.73]), 0.5309279367261981, -8.795463660744863, -1.1287425648818064]
[array([-2.55, 40.73]), 0.5309279367261981, -8.795463660744863, -1.1287425648818064]
[array([-2.42, 40.81]), 0.5370891235186629, -8.983821319113035, -1.1225813780893414]
[array([-2.42, 40.81]), 0.5370891235186629, -8.983821319113035, -1.1225813780893414]
[array([-2.28, 40.89]), 0.5207008309082873, -9.70016099322836, -1.138969670699717]
[array([-2.28, 40.89]), 0.5207008309082873, -9.70016099322836, -1.138969670699717]
[array([-2.16, 40.98]), 0.5560725461938297, -9.201464425581854, -1.1035979554141746]
[array([-2.16, 40.98]), 0.5560725461938297, -9.201464425581854, -1.1035979554141746]
[array([-2.02, 41.05]), 0.5230734314934485, -10.28652372317907, -1.136597070114556]
[array([-1.88, 41.13]), 0.49779303541001124, -11.329180917830032, -1.1618774661979931]
[array([-1.74, 41.19]), 0.48411820618770984, -12.118791457990616, -1.1755522954202946]
[array([-1.62, 41.27]), 0.5076377395888102, -11.718040316954209, -1.1520327620191941]
[array([-1.62, 41.27]), 0.5076377395888102, -11.718040316954209, -1.1520327620191941]
[array([-1.48, 41.33]), 0.47319680839335565, -13.19370742628, -1.1864736932146487]
[array([-1.48, 41.33]), 0.47319680839335565, -13.19370742628, -1.1864736932146487]
[array([-1.35, 41.42]), 0.5157955830455574, -12.161065063994403, -1.143874918562447]
[array([-1.22, 41.48]), 0.4892114260108802, -13.34972397957287, -1.1704590755971243]
[array([-1.22, 41.48]), 0.4892114260108802, -13.34972397957287, -1.1704590755971243]
[array([-1.07, 41.55]), 0.46750808222940526, -14.559596280084278, -1.1921624193785991]
[array([-0.94, 41.62]), 0.48255753277057717, -14.336849506383002, -1.1771129688374273]
[array([-0.94, 41.62]), 0.48255753277057717, -14.336849506383002, -1.1771129688374273]
[array([-0.81, 41.68]), 0.45192787706270254, -15.958931082133576, -1.2077426245453018]
[array([-0.81, 41.68]), 0.45192787706270254, -15.958931082133576, -1.2077426245453018]
