[array([0.01, 0.29]), 1.6981041330938669, -0.35027546360371614, -0.09801598859477956]
[array([-0.01,  1.39]), 1.6036531971612402, -0.8491527243302949, -0.1924669245274062]
[array([-0.01,  1.39]), 1.6036531971612402, -0.8491527243302949, -0.1924669245274062]
[array([-0.01,  1.55]), 1.5845598187431986, -0.9417890331713689, -0.2115603029454478]
[array([-0.04,  1.69]), 1.6806328636826278, -0.6593492273874737, -0.11548725800601867]
[array([-0.04,  1.69]), 1.6806328636826278, -0.6593492273874737, -0.11548725800601867]
[array([-0.02,  1.83]), 1.6119751015676744, -0.91632888756781, -0.184145020120972]
[array([-0.02,  1.83]), 1.6119751015676744, -0.91632888756781, -0.184145020120972]
[array([-0.02,  1.94]), 1.5805118766090476, -1.033038336669219, -0.21560824507959886]
[array([-0.02,  1.94]), 1.5805118766090476, -1.033038336669219, -0.21560824507959886]
[array([-0.02,  1.94]), 1.5805118766090476, -1.033038336669219, -0.21560824507959886]
[array([-0.02,  1.94]), 1.5805118766090476, -1.033038336669219, -0.21560824507959886]
[array([-0.02,  2.17]), 1.5741189100919177, -1.1007632355362291, -0.2220012115967287]
[array([-0.02,  2.17]), 1.5741189100919177, -1.1007632355362291, -0.2220012115967287]
[array([-0.  ,  2.26]), 1.5186689270914318, -1.3163943597946188, -0.2774511945972147]
[array([-0.  ,  2.26]), 1.5186689270914318, -1.3163943597946188, -0.2774511945972147]
[array([-0.  ,  2.26]), 1.5186689270914318, -1.3163943597946188, -0.2774511945972147]
[array([0.02, 2.45]), 1.5186689270914318, -1.3768265902390335, -0.2774511945972147]
[array([0.02, 2.45]), 1.485849232238155, -1.4915471894565167, -0.3102708894504915]
[array([0.02, 2.45]), 1.485849232238155, -1.4915471894565167, -0.3102708894504915]
[array([0.02, 2.45]), 1.485849232238155, -1.4915471894565167, -0.3102708894504915]
[array([0.01, 2.63]), 1.5866259395117095, -1.206155616167754, -0.20949418217693694]
[array([0.01, 2.63]), 1.5866259395117095, -1.206155616167754, -0.20949418217693694]
[array([0.01, 2.63]), 1.5866259395117095, -1.206155616167754, -0.20949418217693694]
[array([0.01, 2.63]), 1.5866259395117095, -1.206155616167754, -0.20949418217693694]
[array([-0.01,  2.84]), 1.656803359806374, -1.0251292127059533, -0.13931676188227238]
[array([-0.01,  2.84]), 1.656803359806374, -1.0251292127059533, -0.13931676188227238]
[array([-0.01,  2.84]), 1.656803359806374, -1.0251292127059533, -0.13931676188227238]
[array([-0.03,  3.06]), 1.6810400489971178, -0.9795860375651273, -0.11508007269152865]
[array([-0.03,  3.06]), 1.6810400489971178, -0.9795860375651273, -0.11508007269152865]
[array([-0.03,  3.17]), 1.6265051421234527, -1.1670596392770465, -0.16961497956519378]
[array([-0.03,  3.17]), 1.6265051421234527, -1.1670596392770465, -0.16961497956519378]
[array([-0.04,  3.29]), 1.634679217142243, -1.1549206890161046, -0.16144090454640336]
[array([-0.04,  3.29]), 1.634679217142243, -1.1549206890161046, -0.16144090454640336]
[array([-0.04,  3.29]), 1.634679217142243, -1.1549206890161046, -0.16144090454640336]
[array([-0.08,  3.54]), 1.6811377874352298, -1.0400399812553993, -0.11498233425341664]
[array([-0.08,  3.54]), 1.6811377874352298, -1.0400399812553993, -0.11498233425341664]
[array([-0.08,  3.54]), 1.6811377874352298, -1.0400399812553993, -0.11498233425341664]
[array([-0.08,  3.54]), 1.6811377874352298, -1.0400399812553993, -0.11498233425341664]
[array([-0.09,  3.81]), 1.6284407122639146, -1.2421268676929729, -0.1676794094247318]
[array([-0.09,  3.81]), 1.6284407122639146, -1.2421268676929729, -0.1676794094247318]
[array([-0.09,  3.81]), 1.6284407122639146, -1.2421268676929729, -0.1676794094247318]
[array([-0.14,  4.09]), 1.706987160854817, -1.0326843329219835, -0.08913296083382938]
[array([-0.14,  4.09]), 1.706987160854817, -1.0326843329219835, -0.08913296083382938]
[array([-0.14,  4.09]), 1.706987160854817, -1.0326843329219835, -0.08913296083382938]
[array([-0.2 ,  4.36]), 1.7401836722935995, -0.9351777422663643, -0.05593644939504694]
[array([-0.24,  4.49]), 1.8011787408605964, -0.7560889123989925, 0.005058619171949941]
[array([-0.24,  4.49]), 1.8011787408605964, -0.7560889123989925, 0.005058619171949941]
[array([-0.24,  4.49]), 1.8011787408605964, -0.7560889123989925, 0.005058619171949941]
[array([-0.25,  4.64]), 1.7414233796612912, -0.9415850659858159, -0.054696742027355194]
[array([-0.25,  4.64]), 1.7414233796612912, -0.9415850659858159, -0.054696742027355194]
[array([-0.25,  4.64]), 1.7414233796612912, -0.9415850659858159, -0.054696742027355194]
[array([-0.31,  4.91]), 1.7640641397840118, -0.8822442005085505, -0.032055981904634656]
[array([-0.31,  4.91]), 1.7640641397840118, -0.8822442005085505, -0.032055981904634656]
[array([-0.35,  5.03]), 1.8321459432458067, -0.6845941762803086, 0.036025821557160276]
[array([-0.35,  5.03]), 1.8321459432458067, -0.6845941762803086, 0.036025821557160276]
[array([-0.38,  5.17]), 1.8007462482719527, -0.7767524179229408, 0.0046261265833063]
[array([-0.38,  5.17]), 1.8007462482719527, -0.7767524179229408, 0.0046261265833063]
[array([-0.38,  5.17]), 1.8007462482719527, -0.7767524179229408, 0.0046261265833063]
[array([-0.48,  5.44]), 1.876587611055189, -0.5282311863722159, 0.08046748936654247]
[array([-0.48,  5.44]), 1.876587611055189, -0.5282311863722159, 0.08046748936654247]
[array([-0.48,  5.44]), 1.876587611055189, -0.5282311863722159, 0.08046748936654247]
[array([-0.48,  5.44]), 1.876587611055189, -0.5282311863722159, 0.08046748936654247]
[array([-0.58,  5.72]), 1.8806641765890717, -0.47576147626229287, 0.08454405490042527]
[array([-0.58,  5.72]), 1.8806641765890717, -0.47576147626229287, 0.08454405490042527]
[array([-0.58,  5.72]), 1.8806641765890717, -0.47576147626229287, 0.08454405490042527]
[array([-0.65,  5.99]), 1.859025235456996, -0.5204714733656857, 0.216921443876809]
[array([-0.65,  5.99]), 1.859025235456996, -0.5204714733656857, 0.216921443876809]
[array([-0.65,  5.99]), 1.859025235456996, -0.5204714733656857, 0.216921443876809]
[array([-0.65,  5.99]), 1.859025235456996, -0.5204714733656857, 0.216921443876809]
[array([-0.75,  6.25]), 1.9185402648183016, -0.27881851110892064, 0.2764364732381146]
[array([-0.75,  6.25]), 1.9185402648183016, -0.27881851110892064, 0.2764364732381146]
[array([-0.75,  6.25]), 1.9185402648183016, -0.27881851110892064, 0.2764364732381146]
[array([-0.85,  6.51]), 1.9178641242660792, -0.18586033126373555, 0.2857412863308173]
[array([-0.85,  6.51]), 1.9178641242660792, -0.18586033126373555, 0.2857412863308173]
[array([-0.93,  6.64]), 1.9720438566369634, 0.037371956655862106, 0.33992101870170144]
[array([-0.93,  6.64]), 1.9720438566369634, 0.037371956655862106, 0.33992101870170144]
[array([-0.93,  6.64]), 1.9720438566369634, 0.037371956655862106, 0.33992101870170144]
[array([-1.06,  6.91]), 2.0193976063032983, 0.29366549239711875, 0.3872747683680364]
[array([-1.06,  6.91]), 2.0193976063032983, 0.29366549239711875, 0.3872747683680364]
[array([-1.14,  7.04]), 2.0375006849037587, 0.4244155674170169, 0.40537784696849677]
[array([-1.14,  7.04]), 2.0375006849037587, 0.4244155674170169, 0.40537784696849677]
[array([-1.14,  7.04]), 2.0375006849037587, 0.4244155674170169, 0.40537784696849677]
[array([-1.14,  7.04]), 2.0375006849037587, 0.4244155674170169, 0.40537784696849677]
[array([-1.29,  7.31]), 2.0675557782218767, 0.6648018284874341, 0.47276405783511]
[array([-1.29,  7.31]), 2.0675557782218767, 0.6648018284874341, 0.47276405783511]
[array([-1.29,  7.31]), 2.0675557782218767, 0.6648018284874341, 0.47276405783511]
[array([-1.45,  7.59]), 2.098470446196602, 0.9353745785028079, 0.5036787258098354]
[array([-1.45,  7.59]), 2.098470446196602, 0.9353745785028079, 0.5036787258098354]
[array([-1.55,  7.71]), 2.156238924575437, 1.246506979396301, 0.5614472041886704]
[array([-1.55,  7.71]), 2.156238924575437, 1.246506979396301, 0.5614472041886704]
[array([-1.55,  7.71]), 2.156238924575437, 1.246506979396301, 0.5614472041886704]
[array([-1.55,  7.71]), 2.156238924575437, 1.246506979396301, 0.5614472041886704]
[array([-1.74,  7.96]), 2.1962546119346866, 1.6140787656708677, 0.6014628915479199]
[array([-1.74,  7.96]), 2.1962546119346866, 1.6140787656708677, 0.6014628915479199]
[array([-1.91,  8.23]), 2.1243885855887177, 1.5305134088729446, 0.5230673918766182]
[array([-1.91,  8.23]), 2.1243885855887177, 1.5305134088729446, 0.5230673918766182]
[array([-1.98,  8.36]), 2.120765456594502, 1.6010171292681312, 0.5194442628824028]
[array([-1.98,  8.36]), 2.120765456594502, 1.6010171292681312, 0.5194442628824028]
[array([-2.07,  8.49]), 2.134541340380494, 1.7442346613816957, 0.5332201466683946]
[array([-2.07,  8.49]), 2.134541340380494, 1.7442346613816957, 0.5332201466683946]
[array([-2.07,  8.49]), 2.134541340380494, 1.7442346613816957, 0.5332201466683946]
[array([-2.07,  8.49]), 2.134541340380494, 1.7442346613816957, 0.5332201466683946]
[array([-2.2 ,  8.76]), 2.0664413854944783, 1.636995175450795, 0.46512019178237884]
[array([-2.2 ,  8.76]), 2.0664413854944783, 1.636995175450795, 0.46512019178237884]
[array([-2.2 ,  8.76]), 2.0664413854944783, 1.636995175450795, 0.46512019178237884]
[array([-2.34,  9.04]), 2.032151948878097, 1.6617373458603046, 0.43083075516599734]
[array([-2.34,  9.04]), 2.032151948878097, 1.6617373458603046, 0.43083075516599734]
[array([-2.34,  9.04]), 2.032151948878097, 1.6617373458603046, 0.43083075516599734]
[array([-2.45,  9.32]), 1.986604964053427, 1.6087157169690627, 0.38528377034132744]
[array([-2.45,  9.32]), 1.986604964053427, 1.6087157169690627, 0.38528377034132744]
[array([-2.51,  9.46]), 1.9847034278333793, 1.657252191037786, 0.343103668468574]
[array([-2.51,  9.46]), 1.9847034278333793, 1.657252191037786, 0.343103668468574]
[array([-2.51,  9.46]), 1.9847034278333793, 1.657252191037786, 0.343103668468574]
[array([-2.63,  9.74]), 1.9462316587304436, 1.634881618224629, 0.3046318993656383]
[array([-2.63,  9.74]), 1.9462316587304436, 1.634881618224629, 0.3046318993656383]
[array([-2.63,  9.74]), 1.9462316587304436, 1.634881618224629, 0.3046318993656383]
[array([-2.63,  9.74]), 1.9462316587304436, 1.634881618224629, 0.3046318993656383]
[array([-2.7 , 10.03]), 1.8809045084270712, 1.479289980707882, 0.23930474906226595]
[array([-2.74, 10.18]), 1.843104691086154, 1.388574602340369, 0.20150493172134865]
[array([-2.74, 10.18]), 1.843104691086154, 1.388574602340369, 0.20150493172134865]
[array([-2.79, 10.32]), 1.8557494269839279, 1.4704220491202777, 0.21414966761912257]
[array([-2.79, 10.32]), 1.8557494269839279, 1.4704220491202777, 0.21414966761912257]
[array([-2.79, 10.32]), 1.8557494269839279, 1.4704220491202777, 0.21414966761912257]
[array([-2.79, 10.32]), 1.8557494269839279, 1.4704220491202777, 0.21414966761912257]
[array([-2.87, 10.63]), 1.8424346591863134, 1.4910957191347047, 0.20083489982150815]
[array([-2.87, 10.63]), 1.8424346591863134, 1.4910957191347047, 0.20083489982150815]
[array([-2.87, 10.63]), 1.8424346591863134, 1.4910957191347047, 0.20083489982150815]
[array([-2.95, 10.93]), 1.8277552184465649, 1.5055873869704628, 0.16348211049307904]
[array([-2.95, 10.93]), 1.8277552184465649, 1.5055873869704628, 0.16348211049307904]
[array([-2.95, 10.93]), 1.8277552184465649, 1.5055873869704628, 0.16348211049307904]
[array([-2.95, 10.93]), 1.8277552184465649, 1.5055873869704628, 0.16348211049307904]
[array([-2.98, 11.23]), 1.743049502925374, 1.2543966561513622, 0.07877639497188826]
[array([-2.98, 11.23]), 1.743049502925374, 1.2543966561513622, 0.07877639497188826]
[array([-3.01, 11.37]), 1.7510708616346147, 1.2900474007371667, 0.08679775368112885]
[array([-3.01, 11.37]), 1.7510708616346147, 1.2900474007371667, 0.08679775368112885]
[array([-3.01, 11.37]), 1.7510708616346147, 1.2900474007371667, 0.08679775368112885]
[array([-3.05, 11.67]), 1.6877916806755326, 1.1219469208428359, 0.023518572722046827]
[array([-3.05, 11.67]), 1.6877916806755326, 1.1219469208428359, 0.023518572722046827]
[array([-3.06, 11.83]), 1.6737044301509856, 1.0816791410704119, 0.009431322197499759]
[array([-3.06, 11.83]), 1.6737044301509856, 1.0816791410704119, 0.009431322197499759]
[array([-3.07, 11.98]), 1.650645140073637, 1.0148124159471512, -0.013627967879848768]
[array([-3.07, 11.98]), 1.650645140073637, 1.0148124159471512, -0.013627967879848768]
[array([-3.07, 11.98]), 1.650645140073637, 1.0148124159471512, -0.013627967879848768]
[array([-3.08, 12.28]), 1.6287740701510451, 0.9326915342819794, -0.03549903780244068]
[array([-3.08, 12.28]), 1.6287740701510451, 0.9326915342819794, -0.03549903780244068]
[array([-3.08, 12.44]), 1.617660860671897, 0.8912761271516283, -0.05072655927638747]
[array([-3.08, 12.44]), 1.617660860671897, 0.8912761271516283, -0.05072655927638747]
[array([-3.08, 12.59]), 1.5794894627332292, 0.7742325602687853, -0.08889795721505522]
[array([-3.08, 12.59]), 1.5794894627332292, 0.7742325602687853, -0.08889795721505522]
[array([-3.08, 12.59]), 1.5794894627332292, 0.7742325602687853, -0.08889795721505522]
[array([-3.05, 12.89]), 1.4917596152171084, 0.4723176396163337, -0.176627804731176]
[array([-3.05, 12.89]), 1.4917596152171084, 0.4723176396163337, -0.176627804731176]
[array([-3.05, 12.89]), 1.4917596152171084, 0.4723176396163337, -0.176627804731176]
[array([-3. , 13.2]), 1.4765975909391835, 0.3505450852033845, -0.1917898290091009]
[array([-3. , 13.2]), 1.4765975909391835, 0.3505450852033845, -0.1917898290091009]
[array([-2.98, 13.35]), 1.4386246369364684, 0.21517822068401407, -0.22976278301181607]
[array([-2.97, 13.51]), 1.4745777213958506, 0.28422368470322246, -0.1938096985524338]
[array([-2.97, 13.51]), 1.4745777213958506, 0.28422368470322246, -0.1938096985524338]
[array([-2.95, 13.67]), 1.4455679057667516, 0.1637918838149217, -0.22281951418153279]
[array([-2.95, 13.67]), 1.4455679057667516, 0.1637918838149217, -0.22281951418153279]
[array([-2.91, 13.82]), 1.3879779745703953, -0.045847478902324726, -0.28040944537788914]
[array([-2.91, 13.82]), 1.3879779745703953, -0.045847478902324726, -0.28040944537788914]
[array([-2.9 , 13.97]), 1.448167224621747, 0.10036043655078909, -0.19731983099494865]
[array([-2.86, 14.13]), 1.3701059775628992, -0.177821868632918, -0.2753810780537964]
[array([-2.86, 14.13]), 1.3701059775628992, -0.177821868632918, -0.2753810780537964]
[array([-2.83, 14.28]), 1.3610594124510371, -0.24417203445162003, -0.2844276431656585]
[array([-2.83, 14.28]), 1.3610594124510371, -0.24417203445162003, -0.2844276431656585]
[array([-2.8 , 14.43]), 1.3705890846998507, -0.2588907422875197, -0.27489797091684487]
[array([-2.8 , 14.43]), 1.3705890846998507, -0.2588907422875197, -0.27489797091684487]
[array([-2.74, 14.57]), 1.2557214617103212, -0.6740130453429387, -0.38976559390637444]
[array([-2.7 , 14.72]), 1.2794808033506442, -0.6557196532106727, -0.36600625226605144]
[array([-2.66, 14.87]), 1.2855217369576477, -0.6897161950769549, -0.3599653186590479]
[array([-2.66, 14.87]), 1.2855217369576477, -0.6897161950769549, -0.3599653186590479]
[array([-2.6 , 15.01]), 1.2207801446183193, -0.9706001952771474, -0.4247069109983763]
[array([-2.6 , 15.01]), 1.2207801446183193, -0.9706001952771474, -0.4247069109983763]
[array([-2.6 , 15.01]), 1.2207801446183193, -0.9706001952771474, -0.4247069109983763]
[array([-2.49, 15.29]), 1.2122987171182527, -1.136883846240517, -0.44339940312636594]
[array([-2.49, 15.29]), 1.2122987171182527, -1.136883846240517, -0.44339940312636594]
[array([-2.43, 15.43]), 1.1767065667481835, -1.3395906683996828, -0.4789915534964351]
[array([-2.43, 15.43]), 1.1767065667481835, -1.3395906683996828, -0.4789915534964351]
[array([-2.36, 15.57]), 1.1661474993065422, -1.475213511030816, -0.48955062093807644]
[array([-2.36, 15.57]), 1.1661474993065422, -1.475213511030816, -0.48955062093807644]
[array([-2.32, 15.7 ]), 1.1774080145745598, -1.4899465474922569, -0.4782901056700588]
[array([-2.32, 15.7 ]), 1.1774080145745598, -1.4899465474922569, -0.4782901056700588]
[array([-2.32, 15.7 ]), 1.1774080145745598, -1.4899465474922569, -0.4782901056700588]
[array([-2.2 , 15.98]), 1.1856225812319956, -1.6248482188455338, -0.470075539012623]
[array([-2.2 , 15.98]), 1.1856225812319956, -1.6248482188455338, -0.470075539012623]
[array([-2.2 , 15.98]), 1.1856225812319956, -1.6248482188455338, -0.470075539012623]
[array([-2.1 , 16.25]), 1.2170641641078987, -1.6456477422433253, -0.43863395613671985]
[array([-2.1 , 16.25]), 1.2170641641078987, -1.6456477422433253, -0.43863395613671985]
[array([-2.05, 16.4 ]), 1.2182562239870103, -1.7055455643762238, -0.402498498529829]
[array([-2.05, 16.4 ]), 1.2182562239870103, -1.7055455643762238, -0.402498498529829]
[array([-2.05, 16.4 ]), 1.2182562239870103, -1.7055455643762238, -0.402498498529829]
[array([-1.98, 16.7 ]), 1.3015340856471445, -1.5134012580135492, -0.3192206368696948]
[array([-1.98, 16.7 ]), 1.3015340856471445, -1.5134012580135492, -0.3192206368696948]
[array([-1.94, 16.85]), 1.3017386382354776, -1.5663531186394346, -0.31901608428136163]
[array([-1.94, 16.85]), 1.3017386382354776, -1.5663531186394346, -0.31901608428136163]
[array([-1.94, 16.85]), 1.3017386382354776, -1.5663531186394346, -0.31901608428136163]
[array([-1.89, 17.15]), 1.3694595076079605, -1.4151755177034895, -0.25129521490887874]
[array([-1.89, 17.15]), 1.3694595076079605, -1.4151755177034895, -0.25129521490887874]
[array([-1.89, 17.15]), 1.3694595076079605, -1.4151755177034895, -0.25129521490887874]
[array([-1.83, 17.44]), 1.3499587693425021, -1.5559968568594136, -0.27079595317433713]
[array([-1.83, 17.44]), 1.3499587693425021, -1.5559968568594136, -0.27079595317433713]
[array([-1.83, 17.44]), 1.3499587693425021, -1.5559968568594136, -0.27079595317433713]
[array([-1.76, 17.73]), 1.338634375023862, -1.6743930774669697, -0.2821203474929772]
[array([-1.76, 17.73]), 1.338634375023862, -1.6743930774669697, -0.2821203474929772]
[array([-1.76, 17.73]), 1.338634375023862, -1.6743930774669697, -0.2821203474929772]
[array([-1.68, 18.01]), 1.305517450598971, -1.89524871038323, -0.3294762525690589]
[array([-1.68, 18.01]), 1.305517450598971, -1.89524871038323, -0.3294762525690589]
[array([-1.66, 18.16]), 1.368554903456652, -1.7138321500871956, -0.26643879971137796]
[array([-1.66, 18.16]), 1.368554903456652, -1.7138321500871956, -0.26643879971137796]
[array([-1.65, 18.31]), 1.4313410289020454, -1.531876319426391, -0.20365267426598455]
[array([-1.63, 18.45]), 1.4139802388324574, -1.6142900099537754, -0.22101346433557256]
[array([-1.63, 18.45]), 1.4139802388324574, -1.6142900099537754, -0.22101346433557256]
[array([-1.63, 18.45]), 1.4139802388324574, -1.6142900099537754, -0.22101346433557256]
[array([-1.63, 18.45]), 1.4139802388324574, -1.6142900099537754, -0.22101346433557256]
[array([-1.62, 18.76]), 1.4883654734207556, -1.423916537439466, -0.1466282297472743]
[array([-1.61, 18.9 ]), 1.4943446223722379, -1.4164612749565295, -0.14064908079579208]
[array([-1.61, 18.9 ]), 1.4943446223722379, -1.4164612749565295, -0.14064908079579208]
[array([-1.61, 18.9 ]), 1.4943446223722379, -1.4164612749565295, -0.14064908079579208]
[array([-1.58, 19.19]), 1.5029709122002193, -1.4416362494931176, -0.13202279096781067]
[array([-1.58, 19.19]), 1.5029709122002193, -1.4416362494931176, -0.13202279096781067]
[array([-1.58, 19.19]), 1.5029709122002193, -1.4416362494931176, -0.13202279096781067]
[array([-1.58, 19.19]), 1.5029709122002193, -1.4416362494931176, -0.13202279096781067]
[array([-1.57, 19.49]), 1.5089338295896582, -1.4543727241800906, -0.3191862121763269]
[array([-1.57, 19.49]), 1.5089338295896582, -1.4543727241800906, -0.3191862121763269]
[array([-1.57, 19.49]), 1.5089338295896582, -1.4543727241800906, -0.3191862121763269]
[array([-1.56, 19.8 ]), 1.532636971628068, -1.4769737711812327, -0.2954830701379172]
[array([-1.56, 19.8 ]), 1.532636971628068, -1.4769737711812327, -0.2954830701379172]
[array([-1.55, 19.94]), 1.5107290752582598, -1.5897284554544875, -0.31739096650772525]
[array([-1.56, 20.09]), 1.5866950545500877, -1.3759436986878901, -0.24142498721589734]
[array([-1.56, 20.09]), 1.5866950545500877, -1.3759436986878901, -0.24142498721589734]
[array([-1.55, 20.23]), 1.5472481699940634, -1.5559920634904791, -0.28087187177192163]
[array([-1.55, 20.23]), 1.5472481699940634, -1.5559920634904791, -0.28087187177192163]
[array([-1.56, 20.38]), 1.600822796713281, -1.4070725484010516, -0.227297245052704]
[array([-1.56, 20.38]), 1.600822796713281, -1.4070725484010516, -0.227297245052704]
[array([-1.56, 20.38]), 1.600822796713281, -1.4070725484010516, -0.227297245052704]
[array([-1.57, 20.68]), 1.600822796713281, -1.477343408975801, -0.227297245052704]
[array([-1.57, 20.68]), 1.5925825737158403, -1.5097241538730837, -0.23553746805014475]
[array([-1.57, 20.68]), 1.5925825737158403, -1.5097241538730837, -0.23553746805014475]
[array([-1.57, 20.68]), 1.5925825737158403, -1.5097241538730837, -0.23553746805014475]
[array([-1.6 , 20.99]), 1.6358726732847566, -1.482206461665729, -0.4607746481241948]
[array([-1.6 , 20.99]), 1.6358726732847566, -1.482206461665729, -0.4607746481241948]
[array([-1.6 , 20.99]), 1.6358726732847566, -1.482206461665729, -0.4607746481241948]
[array([-1.63, 21.29]), 1.6559308697133015, -1.5490705212654647, -0.4407164516956499]
[array([-1.63, 21.29]), 1.6559308697133015, -1.5490705212654647, -0.4407164516956499]
[array([-1.63, 21.29]), 1.6559308697133015, -1.5490705212654647, -0.4407164516956499]
[array([-1.68, 21.59]), 1.7136305821196078, -1.469596069225725, -0.38301673928934354]
[array([-1.68, 21.59]), 1.7136305821196078, -1.469596069225725, -0.38301673928934354]
[array([-1.68, 21.59]), 1.7136305821196078, -1.469596069225725, -0.38301673928934354]
[array([-1.74, 21.88]), 1.7490895638677508, -1.449736000066951, -0.34755775754120055]
[array([-1.74, 21.88]), 1.7490895638677508, -1.449736000066951, -0.34755775754120055]
[array([-1.74, 21.88]), 1.7490895638677508, -1.449736000066951, -0.34755775754120055]
[array([-1.74, 21.88]), 1.7490895638677508, -1.449736000066951, -0.34755775754120055]
[array([-1.84, 22.18]), 1.8412406794450242, -1.2223896596455113, -0.25540664196392715]
[array([-1.84, 22.18]), 1.8412406794450242, -1.2223896596455113, -0.25540664196392715]
[array([-1.84, 22.18]), 1.8412406794450242, -1.2223896596455113, -0.25540664196392715]
[array([-1.91, 22.48]), 1.8042147410944402, -1.446214989526463, -0.34361971637020683]
[array([-1.91, 22.48]), 1.8042147410944402, -1.446214989526463, -0.34361971637020683]
[array([-1.91, 22.48]), 1.8042147410944402, -1.446214989526463, -0.34361971637020683]
[array([-1.98, 22.79]), 1.8064454464114146, -1.5539744470976797, -0.3413890110532325]
[array([-1.98, 22.79]), 1.8064454464114146, -1.5539744470976797, -0.3413890110532325]
[array([-1.98, 22.79]), 1.8064454464114146, -1.5539744470976797, -0.3413890110532325]
[array([-1.98, 22.79]), 1.8064454464114146, -1.5539744470976797, -0.3413890110532325]
[array([-2.09, 23.09]), 1.883037475305934, -1.38310860354008, -0.26479698215871306]
[array([-2.09, 23.09]), 1.883037475305934, -1.38310860354008, -0.26479698215871306]
[array([-2.09, 23.09]), 1.883037475305934, -1.38310860354008, -0.26479698215871306]
[array([-2.22, 23.37]), 1.9448336499995964, -1.2380695909112243, -0.20300080746505067]
[array([-2.22, 23.37]), 1.9448336499995964, -1.2380695909112243, -0.20300080746505067]
[array([-2.26, 23.52]), 1.9058126257810581, -1.4052970658144273, -0.17056475588804343]
[array([-2.26, 23.52]), 1.9058126257810581, -1.4052970658144273, -0.17056475588804343]
[array([-2.26, 23.52]), 1.9058126257810581, -1.4052970658144273, -0.17056475588804343]
[array([-2.39, 23.79]), 2.001666457366437, -1.1427206495286688, -0.07471092430266468]
[array([-2.39, 23.79]), 2.001666457366437, -1.1427206495286688, -0.07471092430266468]
[array([-2.39, 23.79]), 2.001666457366437, -1.1427206495286688, -0.07471092430266468]
[array([-2.53, 24.07]), 1.9960906540050907, -1.1673203257956892, -0.0802867276640109]
[array([-2.53, 24.07]), 1.9960906540050907, -1.1673203257956892, -0.0802867276640109]
[array([-2.6, 24.2]), 2.0303809632860985, -1.0801368502106479, -0.04599641838300306]
[array([-2.6, 24.2]), 2.0303809632860985, -1.0801368502106479, -0.04599641838300306]
[array([-2.6, 24.2]), 2.0303809632860985, -1.0801368502106479, -0.04599641838300306]
[array([-2.75, 24.49]), 2.0320395496742685, -1.075525987019179, -0.0443378319948331]
[array([-2.75, 24.49]), 2.0320395496742685, -1.075525987019179, -0.0443378319948331]
[array([-2.75, 24.49]), 2.0320395496742685, -1.075525987019179, -0.0443378319948331]
[array([-2.75, 24.49]), 2.0320395496742685, -1.075525987019179, -0.0443378319948331]
[array([-2.88, 24.78]), 2.0082519337000626, -1.1733206599970343, -0.01588308894939683]
[array([-2.88, 24.78]), 2.0082519337000626, -1.1733206599970343, -0.01588308894939683]
[array([-2.97, 24.91]), 2.0910576837975317, -0.9222142136327671, 0.06692266114807222]
[array([-2.97, 24.91]), 2.0910576837975317, -0.9222142136327671, 0.06692266114807222]
[array([-3.12, 25.2 ]), 2.0743287029171658, -0.9588604444668671, 0.05019368026770632]
[array([-3.12, 25.2 ]), 2.0743287029171658, -0.9588604444668671, 0.05019368026770632]
[array([-3.12, 25.2 ]), 2.0743287029171658, -0.9588604444668671, 0.05019368026770632]
[array([-3.29, 25.46]), 2.113654985221878, -0.8112746475491437, 0.08951996257241834]
[array([-3.29, 25.46]), 2.113654985221878, -0.8112746475491437, 0.08951996257241834]
[array([-3.29, 25.46]), 2.113654985221878, -0.8112746475491437, 0.08951996257241834]
[array([-3.47, 25.72]), 2.1629537298066346, -0.6374596671721661, 0.13881870715717515]
[array([-3.47, 25.72]), 2.1629537298066346, -0.6374596671721661, 0.13881870715717515]
[array([-3.56, 25.83]), 2.1895431228290674, -0.5249672963355749, 0.16540810017960794]
[array([-3.56, 25.83]), 2.1895431228290674, -0.5249672963355749, 0.16540810017960794]
[array([-3.63, 25.97]), 2.151090377814979, -0.6288436757239427, 0.12695535516551937]
[array([-3.63, 25.97]), 2.151090377814979, -0.6288436757239427, 0.12695535516551937]
[array([-3.63, 25.97]), 2.151090377814979, -0.6288436757239427, 0.12695535516551937]
[array([-3.82, 26.2 ]), 2.203952561133533, -0.3547647454198261, 0.3776071403972545]
[array([-3.9 , 26.33]), 2.173711590250077, -0.3912254123791546, 0.3473661695137986]
[array([-3.9 , 26.33]), 2.173711590250077, -0.3912254123791546, 0.3473661695137986]
[array([-3.9 , 26.33]), 2.173711590250077, -0.3912254123791546, 0.3473661695137986]
[array([-3.9 , 26.33]), 2.173711590250077, -0.3912254123791546, 0.3473661695137986]
[array([-4.1 , 26.56]), 2.2443778772682252, -0.05640300487258062, 0.41803245653194665]
[array([-4.1 , 26.56]), 2.2443778772682252, -0.05640300487258062, 0.41803245653194665]
[array([-4.31, 26.8 ]), 2.2819207821432497, 0.20435439311490913, 0.4555753614069711]
[array([-4.31, 26.8 ]), 2.2819207821432497, 0.20435439311490913, 0.4555753614069711]
[array([-4.31, 26.8 ]), 2.2819207821432497, 0.20435439311490913, 0.4555753614069711]
[array([-4.55, 27.01]), 2.3692877757078805, 0.8072544214779824, 0.7828677202925067]
[array([-4.55, 27.01]), 2.3692877757078805, 0.8072544214779824, 0.7828677202925067]
[array([-4.55, 27.01]), 2.3692877757078805, 0.8072544214779824, 0.7828677202925067]
[array([-4.76, 27.24]), 2.321773630283288, 0.9232179892246656, 0.7353535748679143]
[array([-4.9 , 27.34]), 2.4059791344408565, 1.448336837392573, 0.8195590790254828]
[array([-4.9 , 27.34]), 2.4059791344408565, 1.448336837392573, 0.8195590790254828]
[array([-5.01, 27.46]), 2.3816846748518716, 1.535147836766506, 0.9493410994042324]
[array([-5.01, 27.46]), 2.3816846748518716, 1.535147836766506, 0.9493410994042324]
[array([-5.01, 27.46]), 2.3816846748518716, 1.535147836766506, 0.9493410994042324]
[array([-5.01, 27.46]), 2.3816846748518716, 1.535147836766506, 0.9493410994042324]
[array([-5.25, 27.66]), 2.434256086317043, 2.303060635314454, 1.0019125108694036]
[array([-5.25, 27.66]), 2.434256086317043, 2.303060635314454, 1.0019125108694036]
[array([-5.25, 27.66]), 2.434256086317043, 2.303060635314454, 1.0019125108694036]
[array([-5.49, 27.87]), 2.43171122173471, 2.819863955558518, 1.0840282559947152]
[array([-5.49, 27.87]), 2.43171122173471, 2.819863955558518, 1.0840282559947152]
[array([-5.49, 27.87]), 2.43171122173471, 2.819863955558518, 1.0840282559947152]
[array([-5.71, 28.09]), 2.3628597280727854, 2.8187444912849946, 1.0151767623327905]
[array([-5.71, 28.09]), 2.3628597280727854, 2.8187444912849946, 1.0151767623327905]
[array([-5.71, 28.09]), 2.3628597280727854, 2.8187444912849946, 1.0151767623327905]
[array([-5.92, 28.31]), 2.3373971196154404, 3.094899229270126, 0.9897141538754455]
[array([-6.02, 28.42]), 2.318466231350759, 3.178355552546407, 0.970783265610764]
[array([-6.02, 28.42]), 2.318466231350759, 3.178355552546407, 0.970783265610764]
[array([-6.13, 28.54]), 2.3035132975172226, 3.3304337170449996, 1.1376087570074105]
[array([-6.13, 28.54]), 2.3035132975172226, 3.3304337170449996, 1.1376087570074105]
[array([-6.13, 28.54]), 2.3035132975172226, 3.3304337170449996, 1.1376087570074105]
[array([-6.33, 28.79]), 2.283812544519486, 3.7900741271240634, 1.117908004009674]
[array([-6.33, 28.79]), 2.283812544519486, 3.7900741271240634, 1.117908004009674]
[array([-6.43, 28.91]), 2.2626937115045047, 3.8729223581761834, 1.0967891709946926]
[array([-6.43, 28.91]), 2.2626937115045047, 3.8729223581761834, 1.0967891709946926]
[array([-6.43, 28.91]), 2.2626937115045047, 3.8729223581761834, 1.0967891709946926]
[array([-6.43, 28.91]), 2.2626937115045047, 3.8729223581761834, 1.0967891709946926]
[array([-6.61, 29.13]), 2.268385230195258, 4.681299356451655, 1.2533446245126734]
[array([-6.61, 29.13]), 2.268385230195258, 4.681299356451655, 1.2533446245126734]
[array([-6.79, 29.39]), 2.188354728141385, 4.319264561724218, 1.1733141224588004]
[array([-6.79, 29.39]), 2.188354728141385, 4.319264561724218, 1.1733141224588004]
[array([-6.88, 29.5 ]), 2.2126425554792126, 5.027401023649341, 1.1976019497966282]
[array([-6.88, 29.5 ]), 2.2126425554792126, 5.027401023649341, 1.1976019497966282]
[array([-6.96, 29.64]), 2.1546166410357084, 4.570230659055152, 1.139576035353124]
[array([-6.96, 29.64]), 2.1546166410357084, 4.570230659055152, 1.139576035353124]
[array([-6.96, 29.64]), 2.1546166410357084, 4.570230659055152, 1.139576035353124]
[array([-7.13, 29.89]), 2.157028511529039, 5.411733590767084, 1.2452359274524416]
[array([-7.13, 29.89]), 2.157028511529039, 5.411733590767084, 1.2452359274524416]
[array([-7.13, 29.89]), 2.157028511529039, 5.411733590767084, 1.2452359274524416]
[array([-7.13, 29.89]), 2.157028511529039, 5.411733590767084, 1.2452359274524416]
[array([-7.27, 30.16]), 2.078893437042832, 4.913600691403581, 1.1671008529662346]
[array([-7.35, 30.29]), 2.0658219681429455, 5.080626552861354, 1.154029384066348]
[array([-7.35, 30.29]), 2.0658219681429455, 5.080626552861354, 1.154029384066348]
[array([-7.35, 30.29]), 2.0658219681429455, 5.080626552861354, 1.154029384066348]
[array([-7.5 , 30.56]), 2.0723617168501685, 5.892071952606209, 1.196303666251977]
[array([-7.5 , 30.56]), 2.0723617168501685, 5.892071952606209, 1.196303666251977]
[array([-7.54, 30.71]), 1.9721635862236504, 4.809170294209948, 1.0603710021470527]
[array([-7.54, 30.71]), 1.9721635862236504, 4.809170294209948, 1.0603710021470527]
[array([-7.61, 30.85]), 1.9997022638262427, 5.438753142032502, 1.0879096797496453]
[array([-7.61, 30.85]), 1.9997022638262427, 5.438753142032502, 1.0879096797496453]
[array([-7.61, 30.85]), 1.9997022638262427, 5.438753142032502, 1.0879096797496453]
[array([-7.69, 31.14]), 1.8616702819383932, 4.413001260436473, 0.9498776978617957]
[array([-7.69, 31.14]), 1.8616702819383932, 4.413001260436473, 0.9498776978617957]
[array([-7.75, 31.29]), 1.9056171489048346, 5.086965834392071, 0.993824564828237]
[array([-7.75, 31.29]), 1.9056171489048346, 5.086965834392071, 0.993824564828237]
[array([-7.75, 31.29]), 1.9056171489048346, 5.086965834392071, 0.993824564828237]
[array([-7.82, 31.6 ]), 1.8106440104600123, 4.601269185844634, 0.8988514263834148]
[array([-7.82, 31.6 ]), 1.8106440104600123, 4.601269185844634, 0.8988514263834148]
[array([-7.82, 31.6 ]), 1.8106440104600123, 4.601269185844634, 0.8988514263834148]
[array([-7.91, 31.9 ]), 1.8392990006521803, 5.298449183767109, 0.9632409500539889]
[array([-7.91, 31.9 ]), 1.8392990006521803, 5.298449183767109, 0.9632409500539889]
[array([-7.91, 31.9 ]), 1.8392990006521803, 5.298449183767109, 0.9632409500539889]
[array([-7.91, 31.9 ]), 1.8392990006521803, 5.298449183767109, 0.9632409500539889]
[array([-7.97, 32.19]), 1.788869631777981, 5.185151470968579, 0.9128115811797897]
[array([-8.01, 32.35]), 1.7898581862663108, 5.413507642697162, 0.9138001356681194]
[array([-8.01, 32.35]), 1.7898581862663108, 5.413507642697162, 0.9138001356681194]
[array([-8.03, 32.5 ]), 1.7560961881498824, 5.271748524047196, 0.880038137551691]
[array([-8.05, 32.66]), 1.7340453493143357, 5.262068948755283, 0.8579872987161443]
[array([-8.05, 32.66]), 1.7340453493143357, 5.262068948755283, 0.8579872987161443]
[array([-8.07, 32.81]), 1.6915839320742663, 5.061894022932602, 0.8155258814760749]
[array([-8.07, 32.81]), 1.6915839320742663, 5.061894022932602, 0.8155258814760749]
[array([-8.07, 32.81]), 1.6915839320742663, 5.061894022932602, 0.8155258814760749]
[array([-8.09, 33.11]), 1.66283399597079, 5.12725373129334, 0.7867759453725987]
[array([-8.09, 33.11]), 1.66283399597079, 5.12725373129334, 0.7867759453725987]
[array([-8.1 , 33.26]), 1.6600716633636583, 5.258996318304923, 0.7840136127654669]
[array([-8.1 , 33.26]), 1.6600716633636583, 5.258996318304923, 0.7840136127654669]
[array([-8.1 , 33.26]), 1.6600716633636583, 5.258996318304923, 0.7840136127654669]
[array([-8.13, 33.56]), 1.6708591944043851, 5.6260426586236365, 0.6595018133182959]
[array([-8.13, 33.56]), 1.6708591944043851, 5.6260426586236365, 0.6595018133182959]
[array([-8.12, 33.71]), 1.5910910153370867, 5.14739797332443, 0.7150329647388953]
[array([-8.12, 33.71]), 1.5910910153370867, 5.14739797332443, 0.7150329647388953]
[array([-8.13, 34.01]), 1.6171105583587426, 5.554471600005092, 0.6057531772726534]
[array([-8.13, 34.01]), 1.6171105583587426, 5.554471600005092, 0.6057531772726534]
[array([-8.13, 34.01]), 1.6171105583587426, 5.554471600005092, 0.6057531772726534]
[array([-8.12, 34.31]), 1.5668480429610347, 5.409060694505836, 0.5554906618749456]
[array([-8.12, 34.31]), 1.5668480429610347, 5.409060694505836, 0.5554906618749456]
[array([-8.12, 34.46]), 1.5633109586989424, 5.489336043089587, 0.5519535776128532]
[array([-8.09, 34.62]), 1.485739451028205, 5.1019753842154, 0.47438206994211574]
[array([-8.09, 34.62]), 1.485739451028205, 5.1019753842154, 0.47438206994211574]
[array([-8.07, 34.79]), 1.4432986286733087, 4.966309889419542, 0.4319412475872195]
[array([-8.07, 34.79]), 1.4432986286733087, 4.966309889419542, 0.4319412475872195]
[array([-8.07, 34.79]), 1.4432986286733087, 4.966309889419542, 0.4319412475872195]
[array([-7.99, 35.12]), 1.381312213091179, 4.7818853797252645, 0.36995483200508983]
[array([-7.97, 35.26]), 1.4003904071447288, 4.93059512131702, 0.38903302605863965]
[array([-7.97, 35.26]), 1.4003904071447288, 4.93059512131702, 0.38903302605863965]
[array([-7.97, 35.26]), 1.4003904071447288, 4.93059512131702, 0.38903302605863965]
[array([-7.97, 35.26]), 1.4003904071447288, 4.93059512131702, 0.38903302605863965]
[array([-7.9 , 35.55]), 1.371373435665697, 4.897289634380784, 0.36001605457960784]
[array([-7.9 , 35.55]), 1.371373435665697, 4.897289634380784, 0.36001605457960784]
[array([-7.85, 35.69]), 1.3275250052690684, 4.739055978318032, 0.31616762418297917]
[array([-7.85, 35.69]), 1.3275250052690684, 4.739055978318032, 0.31616762418297917]
[array([-7.85, 35.69]), 1.3275250052690684, 4.739055978318032, 0.31616762418297917]
[array([-7.78, 35.99]), 1.3098896749081415, 4.763336792031601, 0.29853229382205226]
[array([-7.78, 35.99]), 1.3098896749081415, 4.763336792031601, 0.29853229382205226]
[array([-7.78, 35.99]), 1.3098896749081415, 4.763336792031601, 0.29853229382205226]
[array([-7.7 , 36.29]), 1.326291406553758, 4.934491648115345, 0.3149340254676689]
[array([-7.7 , 36.29]), 1.326291406553758, 4.934491648115345, 0.3149340254676689]
[array([-7.7 , 36.29]), 1.326291406553758, 4.934491648115345, 0.3149340254676689]
[array([-7.61, 36.58]), 1.2817919683461354, 4.817989900781695, 0.126709516153386]
[array([-7.61, 36.58]), 1.2817919683461354, 4.817989900781695, 0.126709516153386]
[array([-7.57, 36.73]), 1.2546341215863277, 4.752677560438307, 0.09955166939357829]
[array([-7.5 , 36.87]), 1.2340500574541573, 4.683227795570109, 0.07896760526140789]
[array([-7.5 , 36.87]), 1.2340500574541573, 4.683227795570109, 0.07896760526140789]
[array([-7.5 , 36.87]), 1.2340500574541573, 4.683227795570109, 0.07896760526140789]
[array([-7.37, 37.13]), 1.134879925757064, 4.376424055600937, 0.1235225446709749]
[array([-7.37, 37.13]), 1.134879925757064, 4.376424055600937, 0.1235225446709749]
[array([-7.37, 37.13]), 1.134879925757064, 4.376424055600937, 0.1235225446709749]
[array([-7.22, 37.4 ]), 1.1041247808759713, 4.266986221259454, -0.050957671316778086]
[array([-7.22, 37.4 ]), 1.1041247808759713, 4.266986221259454, -0.050957671316778086]
[array([-7.15, 37.53]), 1.0618574442487239, 4.153946661226003, -0.09322500794402555]
[array([-7.15, 37.53]), 1.0618574442487239, 4.153946661226003, -0.09322500794402555]
[array([-7.15, 37.53]), 1.0618574442487239, 4.153946661226003, -0.09322500794402555]
[array([-7.01, 37.8 ]), 1.084999811998468, 4.188061486741381, -0.07008264019428134]
[array([-6.92, 37.94]), 1.0499881581376107, 4.078613016660988, -0.1050942940551387]
[array([-6.85, 38.07]), 1.0341499933074627, 4.033890353463028, -0.1209324588852867]
[array([-6.85, 38.07]), 1.0341499933074627, 4.033890353463028, -0.1209324588852867]
[array([-6.76, 38.2 ]), 1.0109208826938954, 3.9460075352226482, -0.14416156949885406]
[array([-6.76, 38.2 ]), 1.0109208826938954, 3.9460075352226482, -0.14416156949885406]
[array([-6.68, 38.33]), 0.9863112166419995, 3.8788442789610857, -0.1687712355507499]
[array([-6.68, 38.33]), 0.9863112166419995, 3.8788442789610857, -0.1687712355507499]
[array([-6.59, 38.47]), 1.017809697251517, 3.9132751027287225, -0.13727275494123248]
[array([-6.49, 38.59]), 0.9490941647383226, 3.727512915523299, -0.20598828745442677]
[array([-6.49, 38.59]), 0.9490941647383226, 3.727512915523299, -0.20598828745442677]
[array([-6.39, 38.71]), 0.9180295729808519, 3.6243650513854058, -0.23705287921189755]
[array([-6.3 , 38.84]), 0.949265730603794, 3.655919660627065, -0.20581672158895536]
[array([-6.3 , 38.84]), 0.949265730603794, 3.655919660627065, -0.20581672158895536]
[array([-6.3 , 38.84]), 0.949265730603794, 3.655919660627065, -0.20581672158895536]
[array([-6.1 , 39.07]), 0.8932336802977682, 3.41552067850813, -0.557453910930216]
[array([-6. , 39.2]), 0.8815439885666853, 3.3083998692436136, -0.5691436026612989]
[array([-6. , 39.2]), 0.8815439885666853, 3.3083998692436136, -0.5691436026612989]
[array([-5.89, 39.3 ]), 0.8351609910303097, 3.1615767507092882, -0.6155266001976745]
[array([-5.79, 39.42]), 0.8454439473842852, 3.0646525045412725, -0.605243643843699]
[array([-5.79, 39.42]), 0.8454439473842852, 3.0646525045412725, -0.605243643843699]
[array([-5.67, 39.51]), 0.7569479003265388, 2.884942871447018, -0.6937396909014454]
[array([-5.67, 39.51]), 0.7569479003265388, 2.884942871447018, -0.6937396909014454]
[array([-5.57, 39.63]), 0.7917808324719906, 2.7896754129507872, -0.6589067587559936]
[array([-5.45, 39.72]), 0.7383083075140149, 2.622777156596988, -0.7123792837139693]
[array([-5.45, 39.72]), 0.7383083075140149, 2.622777156596988, -0.7123792837139693]
[array([-5.45, 39.72]), 0.7383083075140149, 2.622777156596988, -0.7123792837139693]
[array([-5.45, 39.72]), 0.7383083075140149, 2.622777156596988, -0.7123792837139693]
[array([-5.22, 39.93]), 0.7490347520309214, 2.36822788176328, -0.7016528391970628]
[array([-5.22, 39.93]), 0.7490347520309214, 2.36822788176328, -0.7016528391970628]
[array([-4.99, 40.13]), 0.7144859594876941, 2.0424690663218654, -0.7975545445914795]
[array([-4.99, 40.13]), 0.7144859594876941, 2.0424690663218654, -0.7975545445914795]
[array([-4.99, 40.13]), 0.7144859594876941, 2.0424690663218654, -0.7975545445914795]
[array([-4.74, 40.3 ]), 0.654097392835765, 1.6375183079430529, -0.8579431112434086]
[array([-4.74, 40.3 ]), 0.654097392835765, 1.6375183079430529, -0.8579431112434086]
[array([-4.62, 40.38]), 0.6257560383101797, 1.4288999599308978, -0.8862844657689939]
[array([-4.62, 40.38]), 0.6257560383101797, 1.4288999599308978, -0.8862844657689939]
[array([-4.5 , 40.48]), 0.6551149197896772, 1.2903636664467155, -0.8569255842894964]
[array([-4.5 , 40.48]), 0.6551149197896772, 1.2903636664467155, -0.8569255842894964]
[array([-4.5 , 40.48]), 0.6551149197896772, 1.2903636664467155, -0.8569255842894964]
[array([-4.25, 40.65]), 0.6256387521844462, 0.7984968415310358, -0.989770809656753]
[array([-4.25, 40.65]), 0.6256387521844462, 0.7984968415310358, -0.989770809656753]
[array([-4.11, 40.75]), 0.5794037585686401, 0.43650090986375695, -1.036005803272559]
[array([-4.11, 40.75]), 0.5794037585686401, 0.43650090986375695, -1.036005803272559]
[array([-4.11, 40.75]), 0.5794037585686401, 0.43650090986375695, -1.036005803272559]
[array([-3.86, 40.9 ]), 0.563462968378475, -0.37338861874308243, -1.3391338257060985]
[array([-3.72, 40.97]), 0.48394140433448274, -2.2785259050390123, -1.4896458715000624]
[array([-3.59, 41.03]), 0.4675648054300957, -5.395962184217128, -1.4383146190555895]
[array([-3.59, 41.03]), 0.4675648054300957, -5.395962184217128, -1.4383146190555895]
[array([-3.47, 41.09]), 0.4317696732680181, -7.207481815725658, -1.3221374707893618]
[array([-3.47, 41.09]), 0.4317696732680181, -7.207481815725658, -1.3221374707893618]
[array([-3.33, 41.14]), 0.43643650915492627, -7.529101198060252, -1.2134027118185626]
[array([-3.33, 41.14]), 0.43643650915492627, -7.529101198060252, -1.2134027118185626]
[array([-3.2 , 41.19]), 0.3765605457043073, -9.620789366157034, -1.2732786752691816]
[array([-3.2 , 41.19]), 0.3765605457043073, -9.620789366157034, -1.2732786752691816]
[array([-3.07, 41.23]), 0.35836112492913724, -10.76775657954999, -1.2914780960443517]
[array([-3.07, 41.23]), 0.35836112492913724, -10.76775657954999, -1.2914780960443517]
[array([-3.07, 41.23]), 0.35836112492913724, -10.76775657954999, -1.2914780960443517]
[array([-2.79, 41.34]), 0.38101462595539687, -10.887764329376886, -1.268824595018092]
[array([-2.65, 41.36]), 0.33612283773192536, -13.423204456963475, -1.3137163832415635]
[array([-2.65, 41.36]), 0.33612283773192536, -13.423204456963475, -1.3137163832415635]
[array([-2.65, 41.36]), 0.33612283773192536, -13.423204456963475, -1.3137163832415635]
[array([-2.36, 41.49]), 0.3965428203103905, -11.737457721037716, -1.2532964006630984]
[array([-2.36, 41.49]), 0.3965428203103905, -11.737457721037716, -1.2532964006630984]
[array([-2.23, 41.54]), 0.4048736258960102, -11.842577667989305, -1.2449655950774787]
[array([-2.23, 41.54]), 0.4048736258960102, -11.842577667989305, -1.2449655950774787]
[array([-2.23, 41.54]), 0.4048736258960102, -11.842577667989305, -1.2449655950774787]
[array([-1.94, 41.66]), 0.39193375482172427, -13.32800352174541, -1.2579054661517646]
[array([-1.94, 41.66]), 0.39193375482172427, -13.32800352174541, -1.2579054661517646]
[array([-1.82, 41.73]), 0.41730386082871374, -12.669011490211215, -1.2325353601447753]
[array([-1.82, 41.73]), 0.41730386082871374, -12.669011490211215, -1.2325353601447753]
[array([-1.67, 41.79]), 0.4180791360824497, -13.100399860485712, -1.2317600848910393]
[array([-1.53, 41.86]), 0.4420727009083913, -12.611788151901644, -1.2077665200650975]
[array([-1.53, 41.86]), 0.4420727009083913, -12.611788151901644, -1.2077665200650975]
[array([-1.4 , 41.93]), 0.4408724379817943, -13.040371049760456, -1.2089667829916946]
[array([-1.4 , 41.93]), 0.4408724379817943, -13.040371049760456, -1.2089667829916946]
[array([-1.4 , 41.93]), 0.4408724379817943, -13.040371049760456, -1.2089667829916946]
[array([-1.12, 42.07]), 0.4693888490313541, -12.819285021939672, -1.1804503719421349]
[array([-1.12, 42.07]), 0.4693888490313541, -12.819285021939672, -1.1804503719421349]
[array([-1.12, 42.07]), 0.4693888490313541, -12.819285021939672, -1.1804503719421349]
[array([-0.84, 42.21]), 0.4738911003697991, -13.419933904354194, -1.1759481206036897]
[array([-0.84, 42.21]), 0.4738911003697991, -13.419933904354194, -1.1759481206036897]
[array([-0.71, 42.29]), 0.47931837621180107, -13.580298998855188, -1.170520844761688]
[array([-0.71, 42.29]), 0.47931837621180107, -13.580298998855188, -1.170520844761688]
[array([-0.57, 42.36]), 0.4526846518263674, -14.97276808401892, -1.1971545691471215]
[array([-0.43, 42.43]), 0.48322808826919295, -14.183133591730854, -1.166611132704296]
[array([-0.43, 42.43]), 0.48322808826919295, -14.183133591730854, -1.166611132704296]
[array([-0.43, 42.43]), 0.48322808826919295, -14.183133591730854, -1.166611132704296]
